1 100 -5 5 2000
0.0 1.0
0.05002501250625312 1.0487531604804357
0.10005002501250625 1.094882361482814
0.15007503751875936 1.138272188666806
0.2001000500250125 1.1788140815507064
0.2501250625312656 1.2164066051275955
0.3001500750375187 1.2509557036536998
0.35017508754377186 1.2823749359739864
0.400200100050025 1.3105856917962093
0.4502251125562781 1.335517388372289
0.5002501250625312 1.3571076470949428
0.5502751375687843 1.3753024495677126
0.6003001500750375 1.3900562727579167
0.6503251625812906 1.401332202894368
0.7003501750875437 1.4091020278248938
0.7503751875937968 1.4133463076025765
0.80040020010005 1.4140544231241132
0.8504252126063031 1.4112246026986006
0.9004502251125562 1.40486392648027
0.9504752376188094 1.3949883087540826
1.0005002501250624 1.3816224581185064
1.0505252626313155 1.364799815665096
1.1005502751375686 1.344562471309548
1.1505752876438218 1.3209610584835731
1.200600300150075 1.29405462745106
1.250625312656328 1.2639104975654931
1.3006503251625812 1.230604088838274
1.3506753376688343 1.1942187332393586
1.4007003501750874 1.1548454662023298
1.4507253626813406 1.1125827988555608
1.5007503751875937 1.0675364715493376
1.5507753876938468 1.0198191892956125
1.6008004002001 0.9695503397823131
1.650825412706353 0.9168556946677304
1.7008504252126062 0.8618670949023393
1.7508754377188593 0.8047221208653714
1.8009004502251125 0.7455637481414528
1.8509254627313656 0.6845399897985429
1.9009504752376187 0.6218035260621941
1.9509754877438719 0.5575113223126731
2.0010005002501248 0.49182423636071254
2.051025512756378 0.4249066159844781
2.101050525262631 0.35692588773470846
2.151075537768884 0.2880521380368256
2.2011005502751373 0.21845768763809326
2.2511255627813904 0.14831666046454595
2.3011505752876436 0.07780454796640102
2.3511755877938967 0.007097770041952223
2.40120060030015 -0.06362676636149478
2.451225612806403 -0.1341921098652743
2.501250625312656 -0.20442170738817855
2.551275637818909 -0.27413984587874374
2.6013006503251623 -0.343172091945798
2.6513256628314155 -0.411345728287325
2.7013506753376686 -0.47849018582570696
2.7513756878439217 -0.5444374704681525
2.801400700350175 -0.6090225834245648
2.851425712856428 -0.6720839340312211
2.901450725362681 -0.7334637440473886
2.9514757378689342 -0.7930084424133343
3.0015007503751874 -0.8505690494820518
3.0515257628814405 -0.9060015497633646
3.1015507753876936 -0.9591672522478087
3.1515757878939468 -1.0099331374087706
3.2016008004002 -1.0581721900146879
3.251625812906453 -1.1037637169186243
3.301650825412706 -1.1465936490301145
3.3516758379189593 -1.186554826713752
3.4017008504252124 -1.2235472679004584
3.4517258629314655 -1.257478418240625
3.5017508754377187 -1.2882633826732484
3.551775887943972 -1.315825137831679
3.601800900450225 -1.3400947247545472
3.651825912956478 -1.3610114214197087
3.701850925462731 -1.3785228946695312
3.7518759379689843 -1.3925853311474123
3.8019009504752375 -1.4031635469179213
3.8519259629814906 -1.4102310754963052
3.9019509754877437 -1.4137702340671037
3.951975987993997 -1.413772167726202
4.0020010005002495 -1.410236871635624
4.052026013006503 -1.403173191035636
4.102051025512756 -1.3925987991141322
4.152076038019009 -1.378540152788673
4.202101050525262 -1.3610324265118021
4.252126063031516 -1.3401194242652712
4.302151075537768 -1.315853469963351
4.352176088044022 -1.2882952765394398
4.402201100550275 -1.2575137940435195
4.452226113056528 -1.2235860371305027
4.502251125562781 -1.186596892371107
4.552276138069034 -1.1466389058673443
4.602301150575287 -1.1038120517040257
4.652326163081541 -1.058223481815592
4.702351175587793 -1.0099872578941158
4.752376188094047 -0.9592240660092198
4.8024012006003 -0.9060609146539454
4.852426213106553 -0.8506308169720298
4.902451225612806 -0.7930724579616832
4.9524762381190595 -0.7335298474884828
5.002501250625312 -0.6721519599755714
5.052526263131566 -0.6090923616726149
5.102551275637818 -0.5445088264361195
5.152576288144072 -0.47856294098238167
5.202601300650325 -0.4114197006007587
5.252626313156578 -0.3432470963387374
5.302651325662831 -0.2742156946916958
5.3526763381690845 -0.20449821084892583
5.402701350675337 -0.1342690765636858
5.452726363181591 -0.063704003728426
5.5027513756878434 0.007020455252850777
5.552776388194097 0.07772734919519009
5.60280140070035 0.14823977086100926
5.652826413206603 0.2183812995784854
5.702851425712856 0.2879764426425463
5.7528764382191095 0.35685107439412456
5.802901450725362 0.42483287187907376
5.852926463231616 0.4917517459967689
5.9029514757378685 0.5574402670596331
5.952976488244122 0.6217340836988839
6.003001500750375 0.6844723340683686
6.053026513256628 0.745498048317702
6.103051525762881 0.804658541327691
6.153076538269135 0.8618057947254646
6.203101550775387 0.9167968272234798
6.253126563281641 0.9694940523558583
6.3031515757878935 1.0197656227169702
6.353176588294147 1.0674857598410197
6.4032016008004 1.1125350688972484
6.4532266133066525 1.154800837413426
6.503251625812906 1.1941773172802035
6.553276638319159 1.2305659893307703
6.603301650825412 1.2638758098338487
6.653326663331665 1.2940234382832867
6.703351675837919 1.320933445914347
6.753376688344171 1.3445385044249654
6.803401700850425 1.3647795544298242
6.8534267133566775 1.3816059532257516
6.903451725862931 1.3949756014987573
6.953476738369184 1.4048550486556732
7.003501750875437 1.4112195765168725
7.05352676338169 1.41405326116066
7.103551775887944 1.4133490127646078
7.153576788394196 1.4091085933441483
7.20360180090045 1.4013426123440471
7.253626813406703 1.3900705000937852
7.303651825912956 1.37532045919326
7.353676838419209 1.3571293939504456
7.403701850925462 1.3355428180475486
7.453726863431715 1.3106147406666855
7.503751875937969 1.2824075313599852
7.553776888444221 1.2509917640022161
7.603801900950475 1.2164460402163566
7.653826913456728 1.1788567927139078
7.703851925962981 1.1383180690419685
7.753876938469234 1.094931296278156
7.8039019509754874 1.0488050272620746
7.85392696348174 1.0000546689982843
7.903951975987994 0.9488021939102718
7.953976988494246 0.8951758346678876
8.004002001000499 0.8393097633517603
8.054027013506753 0.7813437557574291
8.104052026013006 0.721422841679096
8.15407703851926 0.6596969420479722
8.204102051025512 0.5963204938331026
8.254127063531765 0.531452063643143
8.304152076038019 0.4652539509958828
8.354177088544272 0.39789178224808125
8.404202101050524 0.3295340962016332
8.454227113556778 0.26035192242284055
8.504252126063031 0.19051835332986455
8.554277138569285 0.12020811111894081
8.604302151075537 0.04959711061293581
8.65432716358179 -0.02113798087403962
8.704352176088044 -0.09182018555470872
8.754377188594297 -0.1622726579635313
8.80440220110055 -0.23231912742052463
8.854427213606803 -0.30178433905699575
8.904452226113056 -0.37049449229971193
8.95447723861931 -0.4382776757164753
9.004502251125562 -0.5049642971350916
9.054527263631815 -0.570387507959609
9.104552276138069 -0.634383620622162
9.154577288644322 -0.6967925181260084
9.204602301150574 -0.7574580546550563
9.254627313656828 -0.8162284462475872
9.304652326163081 -0.8729566505566869
9.354677338669335 -0.9275007347472718
9.404702351175587 -0.9797242306092053
9.45472736368184 -1.029496475998044
9.504752376188094 -1.076692941749104
9.554777388694347 -1.1211955432469534
9.6048024012006 -1.16289293587076
9.654827413706853 -1.2016807935763174
9.704852426213106 -1.237462069917715
9.754877438719358 -1.2701472408556156
9.804902451225612 -1.2996545287446173
9.854927463731865 -1.325910106939283
9.904952476238119 -1.3488482845069398
9.95497748874437 -1.3684116705850793
10.005002501250624 -1.3845513179721523
10.055027513756878 -1.3972268455924868
10.105052526263131 -1.4064065395289362
10.155077538769383 -1.412067432370466
10.205102551275637 -1.414195360676159
10.25512756378189 -1.4127850004118603
10.305152576288144 -1.4078398802708048
10.355177588794396 -1.3993723728448986
10.40520260130065 -1.387403663668739
10.455227613806903 -1.3719636982138308
10.505252626313156 -1.3530911069656146
10.555277638819408 -1.3308331087707626
10.605302651325662 -1.3052453926965646
10.655327663831915 -1.2763919786979974
10.705352676338169 -1.2443450574410715
10.75537768884442 -1.2091848096832278
10.805402701350674 -1.1709992056626781
10.855427713856928 -1.129883784998631
10.905452726363182 -1.0859414176530668
10.955477738869433 -1.0392820465521495
11.005502751375687 -0.9900224125112116
11.05552776388194 -0.9382857621515738
11.105552776388194 -0.8842015395399527
11.155577788894446 -0.8279050623219913
11.2056028014007 -0.7695371831602036
11.255627813906953 -0.709243937323434
11.305652826413207 -0.647176177309523
11.355677838919458 -0.583489195415371
11.405702851425712 -0.5183423351987022
11.455727863931966 -0.451898592803676
11.505752876438219 -0.3843242091477789
11.55577788894447 -0.3157882539903707
11.605802901450724 -0.2464622029235113
11.655827913956978 -0.17651950834346541
11.705852926463232 -0.10613516547625945
11.755877938969483 -0.035485274543123224
11.805902951475737 0.03525339983875997
11.85592796398199 0.10590387091778164
11.905952976488244 0.17628937262523992
11.955977988994496 0.24623380184051002
12.00600300150075 0.3155621589975477
12.056028014007003 0.3841009859302965
12.106053026513257 0.4516787998615672
12.156078039019508 0.5181265224495195
12.206103051525762 0.5832779028183085
12.256128064032016 0.6469699335144439
12.30615307653827 0.7090432583481955
12.356178089044521 0.7693425710995947
12.406203101550775 0.8277170040915062
12.456228114057028 0.8840205056575329
12.506253126563282 0.9381122055603783
12.556278139069533 0.9898567674463661
12.606303151575787 1.0391247274543027
12.65632816408204 1.0857928181314633
12.706353176588294 1.1297442768463066
12.756378189094546 1.1708691379262446
12.8064032016008 1.2090645077895676
12.856428214107053 1.2442348223831228
12.906453226613305 1.2762920862816731
12.956478239119559 1.3051560928506978
13.006503251625812 1.3307546249217856
13.056528264132066 1.3530236354785519
13.106553276638317 1.3719074079009954
13.156578289144571 1.3873586953673707
13.206603301650825 1.39933883906479
13.256628314157078 1.4078178649128048
13.30665332666333 1.4127745585579548
13.356678339169584 1.4141965184516585
13.406703351675837 1.4120801868786392
13.45672836418209 1.4064308588582577
13.506753376688343 1.3972626688964807
13.556778389194596 1.3845985556216265
13.60680340170085 1.3684702043923778
13.656828414207103 1.3489179680216439
13.706853426713355 1.325990765814631
13.756878439219609 1.299745961173712
13.806903451725862 1.2702492180763445
13.856928464232116 1.2375743367851055
13.906953476738368 1.2018030692009098
13.956978489244621 1.163024914321381
14.007003501750875 1.1213368943161517
14.057028514257128 1.076843311779327
14.10705352676338 1.0296554887664784
14.157078539269634 0.9798914882690762
14.207103551775887 0.9276758188232501
14.25712856428214 0.8731391229919104
14.307153576788393 0.8164178504996666
14.357178589294646 0.7576539168383308
14.4072036018009 0.6969943481972021
14.457228614307153 0.6345909136064665
14.507253626813405 0.5705997452141169
14.557278639319659 0.5051809476464253
14.607303651825912 0.4384981974293766
14.657328664332166 0.3707183334732584
14.707353676838418 0.30201093964504067
14.757378689344671 0.2325479204729166
14.807403701850925 0.1625030710446166
14.857428714357178 0.09205164217555917
14.90745372686343 0.021369901934811364
14.957478739369684 -0.04936530537411088
15.007503751875937 -0.11997700167414682
15.057528764382191 -0.19028851791031764
15.107553776888443 -0.2601239360721712
15.157578789394696 -0.3293085293371436
15.20760380190095 -0.39766919923356714
15.257628814407203 -0.4650349087296022
15.307653826913455 -0.5312371101644724
15.357678839419709 -0.5961101669513582
15.407703851925962 -0.6594917679968171
15.457728864432216 -0.7212233337999093
15.507753876938468 -0.7811504132149409
15.557778889444721 -0.8391230698851557
15.607803901950975 -0.8949962573804953
15.657828914457228 -0.9486301821008807
15.70785392696348 -0.9998906530370064
15.757878939469734 -1.0486494175135743
15.807903951975987 -1.094784482074918
15.857928964482241 -1.1381804177102
15.907953976988493 -1.1787286486544912
15.957978989494746 -1.216327724043174
16.008004002000998 -1.2508835717399696
16.05802901450725 -1.2823097337035576
16.108054027013505 -1.310527582303861
16.15807903951976 -1.3354665170468116
16.208104052026012 -1.357064141215377
16.258129064532266 -1.3752664179849012
16.30815407703852 -1.3900278056221604
16.35817908954477 -1.401311371429872
16.408204102051023 -1.4090888841515672
16.458229114557277 -1.4133408846056275
16.50825412706353 -1.4140567343717718
16.558279139569784 -1.4112346424081714
16.608304152076037 -1.4048816695326
16.65832916458229 -1.395013710756409
16.708354177088545 -1.381655455515526
16.758379189594795 -1.3648403258979813
16.80840420210105 -1.3446103930225037
16.858429214607302 -1.3210162717774296
16.908454227113555 -1.294116994183258
16.95847923961981 -1.263979861695713
17.008504252126063 -1.2306802768188465
17.058529264632316 -1.1943015544494764
17.10855427713857 -1.1549347134249779
17.15857928964482 -1.1126782487959725
17.208604302151073 -1.0676378853936639
17.258629314657327 -1.0199263133084386
17.30865432716358 -0.9696629059414967
17.358679339669834 -0.9169734213349876
17.408704352176088 -0.8619896875278978
17.45872936468234 -0.804849272724929
17.508754377188595 -0.745695141103594
17.558779389694845 -0.6846752951207032
17.6088044022011 -0.6219424052131531
17.658829414707352 -0.5576534278195666
17.708854427213605 -0.4919692126783982
17.75887943971986 -0.4250541003851024
17.808904452226113 -0.3570755112152443
17.858929464732366 -0.2882035262423106
17.90895447723862 -0.2186104617982586
17.95897948974487 -0.14847043834149654
18.009004502251123 -0.07795894481095278
18.059029514757377 -0.007252399556281097
18.10905452726363 0.06347229105734764
18.159079539769884 0.13403817526543704
18.209104552276138 0.20426869863394792
18.25912956478239 0.27398814579496944
18.309154577288645 0.3430220800830621
18.359179589794895 0.4111977799723096
18.40920460230115 0.47834467122214847
18.459229614807402 0.5442947536506851
18.509254627313656 0.6088830214678178
18.55927963981991 0.6719478761164248
18.609304652326163 0.7333315305887307
18.659329664832416 0.7928804042062498
18.70935467733867 0.8504455068755795
18.75937968984492 0.9058828118586367
18.809404702351173 0.959053616124697
18.859429714857427 1.0098248873825872
18.90945472736368 1.0580695969248384
18.959479739869934 1.1036670374509718
19.009504752376188 1.1465031250747577
19.05952976488244 1.1864706847598205
19.109554777388695 1.2234697184694419
19.159579789894945 1.2574076553596496
19.2096048024012 1.288199583389633
19.259629814907452 1.3157684617699577
19.309654827413706 1.3400453137170953
19.35967983991996 1.3609693990319554
19.409704852426213 1.3784883660706528
19.459729864932466 1.3925583827272736
19.509754877438716 1.403144246100931
19.55977988994497 1.410219470572723
19.609804902451224 1.4137663540722167
19.659829914957477 1.4137760223676803
19.70985492746373 1.410248451269231
19.759879939969984 1.4031924666893598
19.809904952476238 1.3926257225606715
19.85992996498249 1.378574656666102
19.90995497748874 1.3610744244921094
19.959979989994995 1.340168811270347
20.01000500250125 1.3159101224278937
20.060030015007502 1.2883590527201143
20.110055027513756 1.2575845343735939
20.16008004002001 1.2236635646190834
20.210105052526263 1.186681013045964
20.260130065032516 1.1467294092602285
20.310155077538766 1.1039087113772568
20.36018009004502 1.058326055928594
20.410205102551274 1.0100954898085044
20.460230115057527 0.959337684930906
20.51025512756378 0.9061796363106533
20.560280140070034 0.8507543443245448
20.610305152576288 0.7932004819470332
20.66033016508254 0.7336620477932126
20.71035517758879 0.6722880058371601
20.760380190095045 0.6092319127070285
20.8104052026013 0.5446515334894537
20.860430215107552 0.47870844700443815
20.910455227613806 0.4115676415383727
20.96048024012006 0.34339710204663676
21.010505252626313 0.27436738985859177
21.060530265132567 0.20465121593653923
21.110555277638817 0.13442300875634472
21.16058029014507 0.06385847789085253
21.210605302651324 -0.006865825611929499
21.260630315157577 -0.07757295095604855
21.31065532766383 -0.1480859903249616
21.360680340170084 -0.21822852150136296
21.410705352676338 -0.2878250492720501
21.46073036518259 -0.3567014445134452
21.51075537768884 -0.42468537985918287
21.560780390195095 -0.49160676085976057
21.61080540270135 -0.557298151555428
21.660830415207602 -0.6215951933976359
21.710855427713856 -0.6843370164708409
21.76088044022011 -0.745366641985822
21.810905452726363 -0.8045313750374798
21.860930465232617 -0.8616831866444414
21.910955477738867 -0.9166790841146136
21.96098049024512 -0.9693814688100608
22.011005502751374 -1.019658480416027
22.061030515257627 -1.0673843268528287
22.11105552776388 -1.1124395990051223
22.161080540270135 -1.1547115694811299
22.211105552776388 -1.1940944746543216
22.26113056528264 -1.2304897792819
22.31115557778889 -1.2638064230380084
22.361180590295145 -1.293961048344858
22.4112056028014 -1.32087820893171
22.461230615307652 -1.344490558599949
22.511255627813906 -1.3647390197219251
22.56128064032016 -1.3815729310520004
22.611305652826413 -1.3949501744799733
22.661330665332663 -1.4048372804097493
22.711355677838917 -1.4112095114996064
22.76138069034517 -1.414050924554524
22.811405702851424 -1.4133544104157434
22.861430715357677 -1.4091217117477401
22.91145572786393 -1.4013634186781116
22.961480740370185 -1.390098942301289
23.011505752876438 -1.375356466112368
23.061530765382688 -1.3571728754925658
23.11155577788894 -1.3355936654227294
23.161580790395195 -1.3106728266558088
23.21160580290145 -1.2824727106330653
23.261630815407702 -1.2510638734820123
23.311655827913956 -1.2165248994863898
23.36168084042021 -1.1789422044698574
23.411705852926463 -1.1384098195853267
23.461730865432713 -1.0950291560508965
23.511755877938967 -1.0489087514209965
23.56178089044522 -1.0001639980276111
23.611805902951474 -0.9489168542709547
23.661830915457728 -0.8952955394819919
23.71185592796398 -0.8394342131202296
23.761880940470235 -0.7814726391094272
23.81190595297649 -0.7215558361510483
23.86193096548274 -0.6598337148903686
23.911955977988992 -0.5964607028430142
23.961980990495245 -0.5315953580204272
24.0120060030015 -0.46539997222086743
24.062031015507753 -0.39804016497857536
24.112056028014006 -0.329684469187004
24.16208104052026 -0.26050390943288193
24.212106053026513 -0.19067157409611046
24.262131065532763 -0.12036218228609696
24.312156078039017 -0.04975164669800913
24.36218109054527 0.020983366517247415
24.412206103051524 0.09166587976823282
24.462231115557778 0.1621190468173701
24.51225612806403 0.23216659524670258
24.562281140570285 0.3016332674879654
24.61230615307654 0.3703452593135241
24.66233116558279 0.4381306546910785
24.712356178089042 0.5048198559141646
24.762381190595296 0.5702460079322014
24.81240620310155 0.6342454158185187
24.862431215607803 0.69665795433179
24.912456228114056 0.7573274685461926
24.96248124062031 0.8161021645479143
25.012506253126563 0.8728349892204974
25.062531265632813 0.927383998168797
25.112556278139067 0.9796127108610407
25.16258129064532 1.0293904521003723
25.212606303151574 1.076592678971601
25.262631315657828 1.1211012924450874
25.31265632816408 1.162804932858158
25.362681340670335 1.201599258534759
25.41270635317659 1.2373872068462473
25.46273136568284 1.2700792370601481
25.512756378189092 1.29959355436929
25.562781390695346 1.3258563145407667
25.6128064032016 1.348801808672742
25.662831415707853 1.36837262759681
25.712856428214106 1.3845198055145886
25.76288144072036 1.3972029425091685
25.81290645322661 1.4063903056249
25.862931465732864 1.4120589082626172
25.912956478239117 1.4141945676916448
25.96298149074537 1.412791940534712
26.013006503251624 1.4078545361369739
26.063031515757878 1.3993947077856999
26.11305652826413 1.3874336218025962
26.163081540770385 1.3720012045860912
26.213106553276635 1.3531360677360846
26.26313156578289 1.3308854114484898
26.313156578289142 1.305304906421294
26.363181590795396 1.276458554567577
26.41320660330165 1.2444185288840046
26.463231615807903 1.209264992875429
26.513256628314156 1.1710858999874019
26.56328164082041 1.129976773548407
26.61330665332666 1.0860404677724025
26.663331665832914 1.0393869104196183
26.713356678339167 0.9901328277595112
26.76338169084542 0.9384014525239566
26.813406703351674 0.8843222155814158
26.863431715857928 0.8280304221034853
26.91345672836418 0.7696669130340585
26.963481740870435 0.7093777127080949
27.013506753376685 0.6473136635016514
27.06353176588294 0.5836300484272513
27.113556778389192 0.5184862026189119
27.163581790895446 0.45204511467880065
27.2136068034017 0.3844730188830111
27.263631815907953 0.3159389792667203
27.313656828414207 0.24661446662934705
27.36368184092046 0.17667292951803404
27.41370685342671 0.10628936026284908
27.463731865932964 0.035639857149447285
27.513756878439217 -0.03509881617529487
27.56378189094547 -0.10574967296241666
27.613806903451724 -0.17613594617818207
27.663831915957978 -0.2460815307716705
27.71385692846423 -0.3154114242860995
27.763881940970485 -0.3839521647114794
27.813906953476735 -0.4515322644830961
27.86393196598299 -0.517982639539994
27.913956978489242 -0.5831370323698946
27.963981990995496 -0.6468324279821922
28.01400700350175 -0.7089094617682035
28.064032016008003 -0.7692128182282375
28.114057028514257 -0.8275916195678765
28.16408204102051 -0.8838998031912064
28.21410705352676 -0.9379964871465134
28.264132066033014 -0.9897463226101306
28.314157078539267 -1.0390198325264708
28.36418209104552 -1.0856937355570513
28.414207103551774 -1.129651254527938
28.464232116058028 -1.1707824086039054
28.51425712856428 -1.2089842884582898
28.564282141070535 -1.244161313750072
28.614307153576785 -1.2762254722639812
28.66433216608304 -1.3050965401153092
28.714357178589292 -1.3307022824684556
28.764382191095546 -1.3529786342670544
28.8144072036018 -1.3718698605234638
28.864432216108053 -1.3873286957665938
28.914457228614307 -1.3993164622991703
28.964482241120557 -1.4078031669685624
29.01450725362681 -1.412767576209054
29.064532266133064 -1.4141972691677966
29.114557278639317 -1.4120886687815395
29.16458229114557 -1.4064470507263684
29.214607303651825 -1.3972865302180706
29.264632316158078 -1.3846300266961453
29.31465732866433 -1.3685092064798252
29.36468234117058 -1.348964403539577
29.414707353676835 -1.3260445185823082
29.46473236618309 -1.2998068967027823
29.514757378689342 -1.2703171839073302
29.564782391195596 -1.2376491628688537
29.61480740370185 -1.201884568324051
29.664832416208103 -1.1631128825747368
29.714857428714357 -1.1214311116049076
29.764882441220607 -1.07694354237371
29.81490745372686 -1.029761481891537
29.864932466233114 -0.9800029787321284
29.914957478739368 -0.9277925276773822
29.96498249124562 -0.8732607582338986
30.015007503751875 -0.8165441078005606
30.06503251625813 -0.7577844803048857
30.115057528764382 -0.6971288911622299
30.165082541270632 -0.6347290994461583
30.215107553776885 -0.5707412281902529
30.26513256628314 -0.5053253737714248
30.315157578789393 -0.4386452053519573
30.365182591295646 -0.3708675553825316
30.4152076038019 -0.30216200219076494
30.465232616308153 -0.23270044569961945
30.515257628814407 -0.162656677337225
30.565282641320657 -0.09220594521419923
30.61530765382691 -0.021524515656352383
30.665332666333164 0.04921076781011213
30.715357678839418 0.11982292691759144
30.76538269134567 0.19013529145317176
30.815407703851925 0.25997194128397527
30.86543271635818 0.32915814650582187
30.915457728864432 0.3975208046139624
30.965482741370682 0.4648888736020865
31.015507753876935 0.5310937999060277
31.06553276638319 0.5959699401213887
31.115557778889443 0.659354975440053
31.165582791395696 0.7210903177685976
31.21560780390195 0.7810215065125395
31.265632816408203 0.8389985950336595
31.315657828914457 0.8948765258134984
31.365682841420707 0.9485154933843708
31.41570785392696 0.9997812941198689
31.465732866433214 1.048545662009636
31.515757878939468 1.0946865895783786
31.56578289144572 1.1380886331461324
31.615807903951975 1.1786432016660446
31.66583291645823 1.2162488284170065
31.715857928964482 1.2508114248713649
31.765882941470732 1.2822445161025375
31.815907953976986 1.3104694571435642
31.86593296648324 1.335415629755229
31.915957978989493 1.357020619111497
31.965982991495746 1.3752303699601587
32.016008004001996 1.3899993218679934
32.06603301650825 1.4012905232120665
32.1160580290145 1.4090757236319473
32.16608304152076 1.4133354447115507
32.21610805402701 1.4140590287137447
32.266133066533264 1.4112446652457957
32.31615807903952 1.4048993957889362
32.36618309154577 1.3950390960807175
32.416208104052025 1.3816884363942323
32.46623311655828 1.3648808198135833
32.51625812906453 1.3446582986600337
32.566283141570786 1.321071469277939
32.61630815407704 1.2941793454437016
32.66633316658329 1.2640492107144818
32.71635817908954 1.2307564500860844
32.76638319159579 1.1943843613811842
32.816408204102046 1.1550239468398653
32.8664332166083 1.112773685433813
32.91645822911455 1.067739286473897
32.96648324162081 1.0200334251275853
33.01650825412706 0.9697754605079231
33.066533266633314 0.9170911370394146
33.11655827913957 0.8621122698479824
33.16658329164582 0.8049764149621523
33.216608304152075 0.745826525150616
33.26663331665833 0.6848105922572556
33.31665832916458 0.6220812769285049
33.366683341670836 0.5577955266594572
33.41670835417709 0.4921141831143659
33.46673336668334 0.4252015797040096
33.51675837918959 0.35722513042678805
33.56678339169584 0.2883549110021999
33.6168084042021 0.21876323334484526
33.66683341670835 0.14862421444341478
33.716858429214604 0.07811334072346932
33.76688344172086 0.007407028983904329
33.81690845422711 -0.06331781499435996
33.866933466733364 -0.13388423906311164
33.91695847923962 -0.20411568743759112
33.96698349174587 -0.27383644243554073
34.017008504252125 -0.34287206411933946
34.06703351675838 -0.41104982674124524
34.11705852926463 -0.4781991508997691
34.167083541770886 -0.5441520303259332
34.21710855427714 -0.6087434522316035
34.26713356678339 -0.6718118101681919
34.31715857928964 -0.7331993083627576
34.36718359179589 -0.7927523565199162
34.41720860430215 -0.8503219541016411
34.4672336168084 -0.905764063123672
34.517258629314654 -0.9589399685356672
34.56728364182091 -1.0097166252834922
34.61730865432716 -1.0579669911852891
34.667333666833414 -1.1035703447884813
34.71735867933967 -1.1464125874124376
34.76738369184592 -1.1863865286210953
34.817408704352175 -1.2233921544112911
34.86743371685843 -1.2573368774458014
34.91745872936468 -1.2881357687050123
34.967483741870936 -1.3157117699776324
35.01750875437719 -1.3399958866587984
35.06753376688344 -1.3609273603732004
35.11755877938969 -1.3784538209913224
35.16758379189594 -1.3925314176584696
35.2176088044022 -1.4031249285087184
35.26763381690845 -1.410207848789331
35.317658829414704 -1.4137624571751153
35.36768384192096 -1.4137798601068283
35.41770885442721 -1.4102600140426818
35.467733866933465 -1.4032117255672847
35.51775887943972 -1.3926526293577428
35.56778389194597 -1.3786091440620496
35.617808904452225 -1.361116406200156
35.66783391695848 -1.340218182253098
35.71785892946473 -1.3159667591601356
35.767883941970986 -1.2884228134978732
35.81790895447724 -1.2576552596686763
35.867933966983486 -1.2237410774782174
35.91795897948974 -1.1867651195335185
35.96798399199599 -1.1468198989434497
36.01800900450225 -1.1040053578527604
36.0680340170085 -1.0584286173888298
36.118059029514754 -1.0102037096467458
36.16808404202101 -0.9594512923832772
36.21810905452726 -0.9062983471335759
36.268134067033515 -0.8508778615059087
36.31815907953977 -0.7933284964493158
36.36818409204602 -0.7337942393266839
36.418209104552275 -0.6724240436612368
36.46823411705853 -0.6093714564577941
36.51825912956478 -0.5447942340312284
36.568284142071036 -0.47885394730331443
36.61830915457729 -0.4117155775555064
36.668334167083536 -0.34354710364907515
36.71835917958979 -0.27451908174530915
36.76838419209604 -0.20480421857746234
36.8184092046023 -0.13457693934191461
36.86843421710855 -0.06401295128982087
36.918459229614804 0.006711195888924215
36.96848424212106 0.07741855178948731
37.01850925462731 0.14793220801847806
37.068534267133565 0.21807574081521885
37.11855927963982 0.28767365246047316
37.16858429214607 0.3565518103682367
37.218609304652325 0.42453788276199267
37.26863431715858 0.4914617698453775
37.31865932966483 0.5571560293884763
37.368684342171086 0.6214562956649415
37.41870935467734 0.6842016906917587
37.468734367183586 0.7452352267427423
37.51875937968984 0.804404199128727
37.56878439219609 0.861560568261601
37.61880940470235 0.9165613300464365
37.6688344172086 0.9692688736748714
37.718859429714854 1.0195513259246067
37.76888444222111 1.0672828811035764
37.81890945472736 1.1123441158132785
37.868934467233615 1.1546222877437347
37.91895947973987 1.1940116177525004
37.96898449224612 1.2304135545219677
38.019009504752376 1.2637370211327952
38.06903451725863 1.2938986429365433
38.11905952976488 1.32082295615738
38.169084542271136 1.3444425967009423
38.21910955477739 1.3646984686979562
38.269134567283636 1.38153989236092
38.31915957978989 1.3949247307839292
38.36918459229614 1.4048194953683624
38.4192096048024 1.411199429610694
38.46923461730865 1.414048571042771
38.519259629814904 1.4133597911695897
38.56928464232116 1.4091348133046466
38.61930965482741 1.4013842082582442
38.669334667333665 1.3901273678895336
38.71935967983992 1.3753924565884699
38.76938469234617 1.3572163408090705
38.819409704852426 1.3356444968302834
38.86943471735868 1.3107308969752451
38.91945972986493 1.2825378745736038
38.969484742371186 1.2511359680047736
39.01950975487743 1.216603744212322
39.069534767383686 1.1790276021310255
39.11955977988994 1.1385015565184862
39.16958479239619 1.0951270027320683
39.21960980490245 1.0490124630397402
39.2696348174087 1.0002733150995262
39.319659829914954 0.9490315032869088
39.36968484242121 0.895415233592435
39.41970985492746 0.8395586528528861
39.469734867433715 0.7816015131185695
39.51975987993997 0.7216888219964772
39.56978489244622 0.6599704798441484
39.619809904952476 0.5966009047219644
39.66983491745873 0.5317386460422446
39.71985992996498 0.4655459878817807
39.769884942471236 0.398188542950315
39.81990995497748 0.3298348382308556
39.869934967483736 0.26065589332848893
39.91995997998999 0.19082479258279927
39.969984992496244 0.12051625201426641
40.0200100050025 0.049906182188279025
40.07003501750875 -0.02082875190958966
40.120060030015004 -0.09151157288584988
40.17008504252126 -0.16196543373300254
40.22011005502751 -0.2320140602972217
40.270135067533765 -0.30148219231277074
40.32016008004002 -0.37019602189968914
40.37018509254627 -0.43798362842763916
40.420210105052526 -0.504675408657893
40.47023511755878 -0.5701045010872502
40.52026013006503 -0.6341072034321897
40.57028514257129 -0.6965233822087159
40.62031015507753 -0.7571968733831309
40.67033516758379 -0.8159758730913658
40.72036018009004 -0.8727133174491659
40.770385192596294 -0.92726725050303
40.82041020510255 -0.9795011794011642
40.8704352176088 -1.029284415895873
40.920460230115054 -1.0764924033229464
40.97048524262131 -1.1210070282399496
41.02051025512756 -1.162716915943697
41.070535267633815 -1.2015177091275382
41.12056028014007 -1.2373123289812558
41.17058529264632 -1.2700112180803125
41.220610305152576 -1.299532564456738
41.27063531765883 -1.325802506291042
41.32066033016508 -1.3487553167130117
41.37068534267134 -1.3683335682490296
41.42071035517758 -1.3844882765044646
41.47073536768384 -1.3971790227216576
41.52076038019009 -1.4063740549068338
41.570785392696344 -1.4120503672729672
41.6208104052026 -1.4141937577997967
41.67083541770885 -1.4127988637669988
41.720860430215104 -1.4078691751716066
41.77088544272136 -1.3994170259961063
41.82091045522761 -1.3874635633490593
41.870935467733865 -1.372038694555459
41.92096048024012 -1.3531810123292005
41.97098549274637 -1.33093769821488
42.021010505252626 -1.3053644045405124
42.07103551775888 -1.276525115176517
42.12106053026513 -1.2444919854493504
42.17108554277138 -1.2093451616103257
42.22111055527763 -1.1711725803112696
42.27113556778389 -1.1300697485888054
42.32116058029014 -1.0861395049076328
42.371185592796394 -1.0394917618607475
42.42121060530265 -0.9902432311703262
42.4712356178089 -0.9385171316773269
42.521260630315155 -0.8844428810504079
42.57128564282141 -0.8281557719855039
42.62131065532766 -0.7697966337062006
42.671335667833915 -0.7095114796118274
42.72136068034017 -0.6474511419548461
42.77138569284642 -0.5837708944615665
42.821410705352676 -0.5186300638403802
42.87143571785893 -0.45219163114951716
42.92146073036518 -0.38462182402169015
42.97148574287143 -0.31608970076588416
43.02151075537768 -0.24676672738680294
43.07153576788394 -0.17682634858040558
43.12156078039019 -0.10644355377869885
43.171585792896444 -0.03579443932968085
43.2216108054027 0.03494423209220765
43.27163581790895 0.10559547374276657
43.321660830415205 0.17598251762533967
43.37168584292146 0.2459292567608128
43.42171085542771 0.3152606858037629
43.471735867933965 0.3838033389023386
43.52176088044022 0.4513857237063601
43.57178589294647 0.5178387504377571
43.621810905452726 0.5829961549498189
43.67183591795898 0.6466949147167713
43.72186093046523 0.7087756567128835
43.77188594297148 0.7690830561605878
43.82191095547773 0.8274662251500096
43.87193596798399 0.8837790901574533
43.92196098049024 0.9378807575184793
43.971985992996494 0.9896358659410314
44.02201100550275 1.038914925176688
44.072036018009 1.0855946400026808
44.122061030515255 1.1295582187040791
44.17208604302151 1.1706956652843326
44.22211105552776 1.2089040546730578
44.272136068034015 1.2440877902425103
44.32216108054027 1.2761588429884405
44.37218609304652 1.305036971776905
44.422211105552776 1.3306499241059815
44.47223611805903 1.3529336168800885
44.52226113056528 1.37183229674461
44.57228614307153 1.387298679579675
44.62231115557778 1.3992940688040898
44.67233616808404 1.4077884521933985
44.72236118059029 1.4127605769698794
44.772386193096544 1.4141980029765686
44.8224112056028 1.4120971338022827
44.87243621810905 1.40646322577977
44.922461230615305 1.39731037483447
44.97248624312156 1.3846614812167881
45.02251125562781 1.368548192206128
45.072536268134066 1.3490108229300295
45.12256128064032 1.3260982554965233
45.17258629314657 1.2998678166920727
45.222611305652826 1.2703851345510984
45.27263631815908 1.2377239741559452
45.322661330665326 1.2019660530781242
45.37268634317158 1.1632008369225577
45.42271135567783 1.1215253154864533
45.47273636818409 1.0770437600927456
45.52276138069034 1.0298674627053328
45.572786393196594 0.9801144574788029
45.62281140570285 0.9279092254393363
45.6728364182091 0.8733823830356605
45.722861430715355 0.8166703553393038
45.77288644322161 0.7579150347117873
45.82291145572786 0.6972634257927696
45.872936468234116 0.6348672776973707
45.92296148074037 0.5708827043429153
45.97298649324662 0.505469793855027
46.023011505752876 0.4387922080303318
46.07303651825913 0.3710167728579109
46.123061530765376 0.30231306112401346
46.17308654327163 0.23285296814429102
46.22311155577788 0.16281028168520695
46.27313656828414 0.09236024715047308
46.32316158079039 0.02167912912055825
46.373186593296644 -0.04905622965777645
46.4232116058029 -0.11966885072849898
46.47323661830915 -0.18998206272287277
46.523261630815405 -0.2598199433876951
46.57328664332166 -0.32900775973926344
46.62331165582791 -0.3973724052418147
46.673336668334166 -0.4647428329166217
46.72336168084042 -0.5309504832981216
46.77338669334667 -0.5958297061663342
46.823411705852926 -0.6592181750004069
46.87343671835918 -0.7209572931163301
46.92346173086543 -0.7808925904726675
46.97348674337168 -0.8388741101515504
47.023511755877934 -0.8947567835478433
47.07353676838419 -0.9484007933279321
47.12356178089044 -0.9996719232498952
47.173586793396694 -1.048441893969861
47.22361180590295 -1.0945886839943673
47.2736368184092 -1.137996834975702
47.323661830915455 -1.1785577405863856
47.37368684342171 -1.2161699182500347
47.42371185592796 -1.250739263048743
47.473736868434216 -1.282179283171708
47.52376188094047 -1.3104113163160158
47.57378689344672 -1.335364726498152
47.62381190595298 -1.3569770807838246
47.67383691845923 -1.3751943054939182
47.72386193096548 -1.3899708214957585
47.77388694347173 -1.4012696582412008
47.823911955977984 -1.4090625462661917
47.87393696848424 -1.4133299879204113
47.92396198099049 -1.4140613061500038
47.973986993496744 -1.4112546712113536
48.024012006003 -1.4049171052490665
48.07403701850925 -1.3950644647267043
48.124062031015505 -1.3817214007542298
48.17408704352176 -1.3649212974114207
48.22411205602801 -1.344706188221569
48.274137068534266 -1.3211266509844446
48.32416208104052 -1.2942416812316495
48.37418709354677 -1.2641185446209742
48.42421210605303 -1.2308326086390662
48.47423711855927 -1.1944671540334855
48.52426213106553 -1.1551131664459173
48.57428714357178 -1.112869108767942
48.624312156078034 -1.0678406747888254
48.67433716858429 -1.0201405247517723
48.72436218109054 -0.9698880034802464
48.774387193596795 -0.9172088417796034
48.82441220610305 -0.8622348418611258
48.8744372186093 -0.8051035475755195
48.924462231115555 -0.7459579002809453
48.97448724362181 -0.6849458812065929
49.02451225612806 -0.6222201412065987
49.074537268634316 -0.5579376188306551
49.12456228114057 -0.49225914766689133
49.17458729364682 -0.42534905393944494
49.22461230615308 -0.35737474536752956
49.27463731865932 -0.2885062923146713
49.32466233116558 -0.21891600227601382
49.37468734367183 -0.1487779887684636
49.424712356178084 -0.07826773570210577
49.47473736868434 -0.007561658322973175
49.52476238119059 0.06316333817437925
49.574787393696845 0.13373030126013974
49.6248124062031 0.20396267380093913
49.67483741870935 0.2736847358022739
49.724862431215605 0.3427220440564266
49.77488744372186 0.4109018685958901
49.82491245622811 0.4780536248602984
49.874937468734366 0.5440093004955937
49.92496248124062 0.6086038757175821
49.97498749374687 0.6716757361881412
50.02501250625313 0.7330670773710689
50.07503751875937 0.7926242993558745
50.12506253126563 0.8501983911617241
50.17508754377188 0.9056453035598893
50.225112556278134 0.9588263094820775
50.27513756878439 1.0096083511127791
50.32516258129064 1.0578643727972672
50.375187593796895 1.1034736389323092
50.42521260630315 1.1463220360442379
50.4752376188094 1.186302358298584
50.525262631315655 1.2233145757269352
50.57528764382191 1.2572660844999213
50.62531265632816 1.2880719386201458
50.675337668834416 1.3156550624553778
50.72536268134067 1.3399464435802446
50.77538769384692 1.3608853054439434
50.82541270635318 1.3784192594319582
50.87543771885942 1.3925044359413254
50.92546273136568 1.4031055941415143
50.97548774387193 1.410196210146268
51.025512756378184 1.4137585433758462
51.07553776888444 1.4137836809436006
51.12556278139069 1.410271559955838
51.175587793896945 1.4032309676691805
51.2256128064032 1.3926795195050232
51.27563781890945 1.3786436149761032
51.325662831415706 1.3611583716354434
51.37568784392196 1.3402675372129378
51.42571285642821 1.316023380159403
51.475737868934466 1.288486558871958
51.52576288144072 1.2577259699279248
51.57578789394697 1.2238185757069673
51.62581290645322 1.1868492118327576
51.67583791895947 1.1469103749159189
51.72586293146573 1.104101991129382
51.77588794397198 1.058531166195074
51.825912956478234 1.010311917407546
51.87593796898449 0.9595648883649754
51.92596298149074 0.9064170471212929
51.975987993996995 0.851001368514644
52.02601300650325 0.7934565014669983
52.0760380190095 0.7339264220873138
52.126063031515756 0.6725600734461852
52.17608804402201 0.6095109929232535
52.22611305652826 0.5449369280597469
52.276138069034516 0.4789994418772804
52.32616308154077 0.41186350865039945
52.37618809404702 0.3436971011442381
52.42621310655327 0.2746707703500222
52.47623811905952 0.20495721876985373
52.52626313156578 0.13473086831855652
52.57628814407203 0.0641674239234854
52.626313156578284 -0.006556566085683557
52.67633816908454 -0.07726415169735246
52.72636318159079 -0.14777842394339824
52.776388194097045 -0.21792295752188084
52.8264132066033 -0.2875222522096279
52.87643821910955 -0.35640217196029045
52.926463231615806 -0.4243903805892558
52.97648824412206 -0.49131677295534254
53.02651325662831 -0.5570139005604686
53.076538269134566 -0.6213173905024523
53.12656328164082 -0.6840663567327324
53.176588294147074 -0.7451038025900522
53.22661330665332 -0.8042770136029631
53.276638319159574 -0.8614379395784195
53.32666333166583 -0.9164435650203552
53.37668834417208 -0.9691562669516355
53.426713356678334 -1.0194441592439902
53.47673836918459 -1.067181422594476
53.52676338169084 -1.112248619322859
53.576788394197095 -1.1545329922023093
53.62681340670335 -1.1939287465757318
53.6768384192096 -1.2303373150518864
53.726863431715856 -1.2636676041190338
53.77688844422211 -1.2938362220590847
53.82691345672836 -1.320767687592014
53.87693846923462 -1.3443946187285167
53.92696348174087 -1.3646579013584004
53.976988494247124 -1.38150683715291
54.02701350675337 -1.3948992704109315
54.077038519259624 -1.4048016935317245
54.12706353176588 -1.4111893308502559
54.17708854427213 -1.4140462006254297
54.227113556778384 -1.413365155026082
54.27713856928464 -1.4091478980147107
54.32716358179089 -1.4014049810841966
54.377188594297145 -1.3901557768581785
54.4272136068034 -1.3754284306211342
54.47723861930965 -1.3572597898994427
54.527263631815906 -1.335695312269607
54.57728864432216 -1.3107889516243043
54.62731365682841 -1.2826030231808252
54.67733866933467 -1.2512080475696425
54.72736368184092 -1.2166825743932004
54.77738869434717 -1.1791129856963838
54.82741370685342 -1.138593279840343
54.877438719359674 -1.095224836320503
54.92746373186593 -1.0491161621170666
54.97748874437218 -1.0003826202127224
55.027513756878434 -0.9491461409567631
55.07753876938469 -0.8955349169977851
55.12756378189094 -0.8396830825482402
55.177588794397195 -0.7817303777833131
55.22761380690345 -0.721821799213791
55.2776388194097 -0.6601072369076879
55.327663831915956 -0.596741099468286
55.37768884442221 -0.5318819277068911
55.42771385692846 -0.4656919979768864
55.47773886943472 -0.3983369161615359
55.52776388194097 -0.32998520333136827
55.57778889444722 -0.26080787410783224
55.62781390695347 -0.19097800878808657
55.677838919459724 -0.12067032030160962
55.72786393196598 -0.050060717081898076
55.77788894447223 0.020674137052914654
55.827913956978485 0.09135726490940488
55.87793896948474 0.16181181871226502
55.92796398199099 0.23186152257390802
55.977988994497245 0.3013311135332206
56.0280140070035 0.37004678005999375
56.07803901950975 0.4378365969279032
56.128064032016006 0.5045309553679945
56.17808904452226 0.5699629874264378
56.22811405702851 0.6339689834648188
56.27813906953477 0.696388801758386
56.32816408204102 0.757066269167452
56.37818909454727 0.8158495718794617
56.42821410705352 0.872591635244157
56.478239119559774 0.9271504917513649
56.52826413206603 0.9793896362309094
56.57828914457228 1.0291783673858144
56.628314157078535 1.0763921148043398
56.67833916958479 1.1209127506326673
56.72836418209104 1.1626288851284308
56.778389194597295 1.201436145355631
56.82841420710355 1.2372374363236376
56.8784392196098 1.2699431839169177
56.928464232116056 1.2994715590076857
56.97848924462231 1.3257486821907483
57.02851425712856 1.3487088086283014
57.07853926963482 1.368294492542203
57.12856428214107 1.3844567309421616
57.17858929464732 1.397155086230242
57.22861430715357 1.4063577873749313
57.278639319659824 1.412041809401618
57.32866433216608 1.414192931000624
57.37868934467233 1.4128057701086378
57.428714357178585 1.4078837973745284
57.47873936968484 1.399439327475851
57.52876438219109 1.3874934883077694
57.578789394697345 1.3720761681214853
57.6288144072036 1.3532259407444285
57.67883941970985 1.3309899690693112
57.728864432216106 1.3054238870535124
57.77888944472236 1.2765916605240253
57.82891445722861 1.2445654271362356
57.87893946973487 1.2094253158869477
57.92896448224111 1.1712592466332383
57.97898949474737 1.1301627101187073
58.02901450725362 1.0862385290575753
58.079039519759874 1.0395966008742838
58.12906453226613 0.9903536227423367
58.17908954477238 0.9386327996103013
58.229114557278635 0.8845635359454863
58.27913956978489 0.8282811119665469
58.32916458229114 0.7699263451750766
58.379189594797396 0.70964523803303
58.42921460730365 0.647588612667475
58.4792396198099 0.5839117335166418
58.529264632316156 0.5187739188613969
58.57928964482241 0.45233814221408364
58.62931465732866 0.3847706245620466
58.67933966983492 0.31624041848603834
58.72936468234116 0.24691898519404654
58.77938969484742 0.1769797655287334
58.82941470735367 0.10659774602196803
58.879439719859924 0.03594902108197562
58.92946473236618 -0.034789647591346284
58.97948974487243 -0.1054412732606751
59.029514757378685 -0.1758290869685467
59.07953976988494 -0.24577697980975988
59.12956478239119 -0.3151099435523427
59.179589794897446 -0.38365450850465566
59.2296148074037 -0.45123917753309944
59.27963981990995 -0.5176948551445195
59.329664832416206 -0.5828552705597566
59.37968984492246 -0.6465573937198168
59.42971485742871 -0.7086418431838264
59.47973986993497 -0.7689532848982159
59.529764882441214 -0.8273408208394146
59.57978989494747 -0.8836583665577263
59.62981490745372 -0.9377650166776575
59.679839919959974 -0.9895253974403889
59.72986493246623 -1.0388100054062088
59.77988994497248 -1.0854955314695367
59.829914957478735 -1.1294651693758424
59.87993996998499 -1.1706089079685653
59.92996498249124 -1.2088238064348324
59.979989994997496 -1.2440142518613178
60.03001500750375 -1.276092198455843
60.08004002001 -1.3049773878361928
60.13006503251626 -1.3305975498349853
60.18009004502251 -1.3528885833181894
60.230115057528764 -1.371794716564881
60.28014007003502 -1.3872686468069775
60.330165082541264 -1.3992716585798182
60.38019009504752 -1.4077737205874885
60.43021510755377 -1.4127535608405153
60.480240120060024 -1.4141987198779655
60.53026513256628 -1.412105581940768
60.58029014507253 -1.4064793840182697
60.630315157578785 -1.3973342027453934
60.68034017008504 -1.3846929191831783
60.73036518259129 -1.36858716157082
60.780390195097546 -1.3490572261924507
60.8304152076038 -1.3261519765566372
60.88044022011005 -1.299928721140859
60.93046523261631 -1.2704530700068417
60.98049024512256 -1.237798770645491
61.030515257628814 -1.2020475234621426
61.08054027013506 -1.163288777363785
61.130565282641314 -1.1216195059596548
61.18059029514757 -1.0771439649352375
61.23061530765382 -1.0299734312065982
61.280640320160074 -0.980225924507767
61.33066533266633 -0.9280259121077169
61.38069034517258 -0.873503997395742
61.430715357678835 -0.8167965931143844
61.48074037018509 -0.7580455800574729
61.53076538269134 -0.6973979520872104
61.580790395197596 -0.635005448358463
61.63081540770385 -0.5710241736704222
61.6808404202101 -0.5056142078955141
61.73086543271636 -0.4389392054627524
61.78089044522261 -0.3711659858976223
61.830915457728864 -0.30246411644295823
61.88094047023511 -0.23300548780509545
61.930965482741364 -0.16296388408671347
61.98099049524762 -0.09251454798253878
62.03101550775387 -0.02183374232558022
62.081040520260125 0.04890169091895136
62.13106553276638 0.11951477310871139
62.18109054527263 0.18982883172125242
62.231115557778885 0.25966794238515
62.28114057028514 0.3288573690392689
62.33116558279139 0.39722400111890055
62.381190595297646 0.46459678667494203
62.4312156078039 0.5308071603424583
62.48124062031015 0.5956894650878624
62.53126563281641 0.6590813666795059
62.58129064532266 0.7208242598446887
62.631315657828914 0.7807636650968848
62.68134067033516 0.8387496152403271
62.731365682841414 0.8946370305849709
62.78139069534767 0.9482860819329342
62.83141570785392 0.9995625404283927
62.881440720360175 1.0483381133954903
62.93146573286643 1.0944907653240543
62.98149074537268 1.137905023200006
63.031515757878935 1.1784722654165372
63.08154077038519 1.2160909935432027
63.13156578289144 1.250667086272969
63.181590795397696 1.282114034911845
63.23161580790395 1.3103531598219071
63.2816408204102 1.3353138072761856
63.33166583291646 1.3569335262328779
63.38169084542271 1.375158224586608
63.431715857928964 1.389942304505797
63.48174087043521 1.4012487765175243
63.531765882941464 1.4090493520544576
63.58179089544772 1.413324514232274
63.63181590795397 1.4140635666805221
63.681840920460225 1.4112646603047252
63.73186593296648 1.4049347979127789
63.78189094547273 1.3950898166940662
63.831915957978985 1.3817543485951247
63.88194097048524 1.364961758691008
63.93196598299149 1.344754061706535
63.981990995497746 1.3211818168962852
64.03201600800399 1.294304001546358
64.08204102051025 1.2641878634143637
64.1320660330165 1.230908752476899
64.18209104552275 1.1945499324053932
64.232116058029 1.1552023722420706
64.28214107053526 1.112964518797219
64.33216608304151 1.0679420503372368
64.38219109554777 1.0202476121797193
64.43221610805402 0.9700005348571211
64.48224112056027 0.9173265355541468
64.53226613306653 0.8623574035658627
64.58229114557278 0.8052306705635104
64.63231615807904 0.7460892664930114
64.68234117058529 0.6850811619670933
64.73236618309154 0.6223589980457702
64.7823911955978 0.5580797043314574
64.83241620810405 0.4924041063342365
64.8824412206103 0.4254965230896404
64.93246623311656 0.35752435603570465
64.98249124562281 0.2886576701779098
65.03251625812906 0.21906876858993285
65.08254127063532 0.14893176131479446
65.13256628314157 0.07842212974500617
65.18259129564782 0.007716287571628899
65.23261630815408 -0.06300886059926236
65.28264132066033 -0.13357636185837185
65.33266633316659 -0.20380965772583137
65.38269134567284 -0.27353302589699247
65.43271635817908 -0.3425720198961075
65.48274137068533 -0.41075390553800806
65.53276638319159 -0.4779080931054715
65.58279139569784 -0.543866564161368
65.63281640820409 -0.6084642919274177
65.68284142071035 -0.6715396541778954
65.7328664332166 -0.7329348376152155
65.78289144572285 -0.792496232715652
65.8329164582291 -0.8500748180573019
65.88294147073536 -0.9055265331687086
65.93296648324161 -0.9587126389652867
65.98299149574787 -1.009500064871743
66.03301650825412 -1.0577617417619993
66.08304152076037 -1.1033769198836123
66.13306653326663 -1.1462314709712413
66.18309154577288 -1.186218173793293
66.23311655827914 -1.2232369824173022
66.28314157078539 -1.257195276522858
66.33316658329164 -1.288008093135798
66.3831915957979 -1.3155983392038733
66.43321660830415 -1.3398969844820268
66.4832416208104 -1.3608432342446888
66.53326663331666 -1.3783846813929674
66.58329164582291 -1.3924774375761644
66.63331665832916 -1.4030862429995512
66.68334167083542 -1.4101845546436738
66.73336668334167 -1.413754612674456
66.78339169584793 -1.4137874848779508
66.83341670835418 -1.4102830890085607
66.88344172086043 -1.403250192994816
66.93346673336669 -1.3927063930021903
66.98349174587294 -1.3786780694078482
67.03351675837918 -1.3612003207974712
67.08354177088543 -1.3403168761492779
67.13356678339169 -1.316079985425021
67.18359179589794 -1.2885502888416092
67.2336168084042 -1.2577966651504968
67.28364182091045 -1.223896059304424
67.3336668334167 -1.1869332899426792
67.38369184592295 -1.1470008371765572
67.43371685842921 -1.104198611205966
67.48374187093546 -1.0586337023461008
67.53376688344171 -1.0104201130896115
67.58379189594797 -0.9596784728746426
67.63381690845422 -0.9065357362723853
67.68384192096048 -0.851124865349274
67.73386693346673 -0.7935844969985505
67.78389194597298 -0.7340585960735224
67.83391695847924 -0.6726960951903744
67.88394197098549 -0.6096505221017341
67.93396698349174 -0.5450796155732989
67.983991995998 -0.4791449307245921
68.03401700850425 -0.4120114348212784
68.0840420210105 -0.343847094530357
68.13406703351676 -0.27482245567091235
68.18409204602301 -0.20511021651187933
68.23411705852926 -0.13488479568442002
68.28414207103552 -0.06432189578998959
68.33416708354177 0.006401936204066261
68.38419209604803 0.07710975068149983
68.43421710855428 0.14762463810157056
68.48424212106053 0.21777017162318546
68.53426713356679 0.2873708485213343
68.58429214607303 0.35625252929138573
68.63431715857928 0.4242428733427309
68.68434217108553 0.49117177019138447
68.73436718359179 0.5568717650730992
68.78439219609804 0.6211784779118243
68.8344172086043 0.6839310145953754
68.88444222111055 0.7449723695292928
68.9344672336168 0.8041498184617049
68.98449224612305 0.8613153005963587
69.03451725862931 0.9163257890377776
69.08454227113556 0.969043648641699
69.13456728364181 1.0193369803754593
69.18459229614807 1.0670799513267402
69.23461730865432 1.1121531095350052
69.28464232116058 1.154443682857921
69.33466733366683 1.1938458611250065
69.38469234617308 1.230261060872567
69.43471735867934 1.2635981719975558
69.48474237118559 1.2937737857132303
69.53476738369184 1.3207124032362747
69.5847923961981 1.344346624683247
69.63481740870435 1.3646173177037437
69.6848424212106 1.3814737654283604
69.73486743371686 1.3948737933612858
69.78489244622311 1.4047838749000499
69.83491745872936 1.4111792152184133
69.88494247123562 1.4140438133025284
69.93496748374187 1.4133705019851561
69.98499249624813 1.4091609658777753
70.03501750875438 1.401425737155719
70.08504252126063 1.390184169206882
70.13506753376689 1.3754643882099291
70.18509254627313 1.3573032227631652
70.23511755877938 1.3357461117400935
70.28514257128563 1.310846990602294
70.33516758379189 1.2826681564539535
70.38519259629814 1.2512801121757593
70.4352176088044 1.2167613900280998
70.48524262131065 1.1791983551649146
70.5352676338169 1.1386849895498037
70.58529264632315 1.0953226568150305
70.63531765882941 1.0492198486517361
70.68534267133566 1.0004919133658934
70.73536768384191 0.9492607672791471
70.78539269634817 0.8956545896966113
70.83541770885442 0.8398075022048043
70.88544272136068 0.7818592331021174
70.93546773386693 0.7219547678013993
70.98549274637318 0.6602439860793476
71.03551775887944 0.5968812870802989
71.08554277138569 0.5320252030126493
71.13556778389194 0.4658380025044343
71.1855927963982 0.3984852846104592
71.23561780890445 0.33013556448676873
71.2856428214107 0.26095985176909
71.33566783391696 0.1911312227101356
71.38569284642321 0.12082438714627486
71.43571785892946 0.050215251377008774
71.48574287143572 -0.020519521949081132
71.53576788394197 -0.09120295584075266
71.58579289644823 -0.1616582017570043
71.63581790895448 -0.23170898207859525
71.68584292146073 -0.3011800311511308
71.73586793396697 -0.36989753379621243
71.78589294647323 -0.4376895601936237
71.83591795897948 -0.5043864960461916
71.88594297148573 -0.5698214669514516
71.93596798399199 -0.6338307559180534
71.98599299649824 -0.6962542129824053
72.0360180090045 -0.7569356559006872
72.08604302151075 -0.8157232609137081
72.136068034017 -0.8724699426069215
72.18609304652325 -0.9270337219151974
72.23611805902951 -0.9792780813516095
72.28614307153576 -1.029072306571464
72.33616808404201 -1.07629181341698
72.38619309654827 -1.120818459624367
72.43621810905452 -1.1625408404134117
72.48624312156078 -1.201354567220013
72.53626813406703 -1.2371625288742876
72.58629314657328 -1.269875134570779
72.63631815907954 -1.2994105380228647
72.68634317158579 -1.3256948422405312
72.73636818409204 -1.3486622844191694
72.7863931965983 -1.3682554004767982
72.83641820910455 -1.3844251688280522
72.8864432216108 -1.3971311330352085
72.93646823411706 -1.4063415030293882
72.98649324662331 -1.4120332346486726
73.03651825912956 -1.4141920872941371
73.08654327163582 -1.4128126595595463
73.13656828414207 -1.4078984027455634
73.18659329664833 -1.3994616122246657
73.23661830915458 -1.387523396678367
73.28664332166083 -1.3721136252837196
73.33666833416707 -1.3532708529812327
73.38669334667333 -1.3310422240111606
73.43671835917958 -1.305483353959585
73.48674337168583 -1.2766581906093089
73.53676838419209 -1.2446388539437847
73.58679339669834 -1.2095054557043547
73.6368184092046 -1.171345898952274
73.68684342171085 -1.130255658137004
73.7368684342171 -1.0863375402210464
73.78689344672335 -1.039701427458974
73.83691845922961 -0.990464002474223
73.88694347173586 -0.9387484563214972
73.93696848424212 -0.8846841802652088
73.98699349674837 -0.8284064420451154
74.03701850925462 -0.7700560474391359
74.08704352176088 -0.7097789879701037
74.13706853426713 -0.6477260756378898
74.18709354677338 -0.584052565590789
74.23711855927964 -0.5189177676802375
74.28714357178589 -0.4524846478707436
74.33716858429214 -0.38491942050229655
74.3871935967984 -0.3163911324254054
74.43721860930465 -0.2470712400492523
74.4872436218109 -0.17713318036117842
74.53726863431716 -0.10675193699080288
74.58729364682341 -0.036103602404473745
74.63731865932967 0.03463506267456917
74.68734367183592 0.10528707151799566
74.73736868434217 0.1756756542096477
74.78739369684843 0.2456246999203422
74.83741870935468 0.31495919753365054
74.88744372186092 0.3835056735202003
74.93746873436717 0.45109262596506133
74.98749374687343 0.5175509536619973
75.03751875937968 0.5827143792013876
75.08754377188593 0.6464198649929678
75.13756878439219 0.7085080211826276
75.18759379689844 0.7688235044426437
75.2376188094047 0.8272154066375871
75.28764382191095 0.8835376323934651
75.3376688344172 0.9376492646254321
75.38769384692345 0.9894149171095239
75.43771885942971 1.0387050732162875
75.48774387193596 1.0853964099588038
75.53776888444222 1.1293721065443398
75.58779389694847 1.1705221366576404
75.63781890945472 1.2087435437445735
75.68784392196098 1.2439406986073738
75.73786893446723 1.2760255386669876
75.78789394697348 1.3049177882938874
75.83791895947974 1.3305451596560955
75.88794397198599 1.352843533581897
75.93796898449224 1.3717571199847272
75.9879939969985 1.387238597448856
76.03801900950475 1.3992492316266243
76.088044022011 1.4077589721510098
76.13806903451726 1.4127465278210452
76.18809404702351 1.4141994198719785
76.23811905952977 1.4121140131968932
76.28814407203602 1.4064955254416724
76.33816908454227 1.397358013950555
76.38819409704853 1.3847243405949377
76.43821910955478 1.3686261145734329
76.48824412206102 1.3491036133262875
76.53826913456727 1.3262056817620096
76.58829414707353 1.2999896100484152
76.63831915957978 1.2705209902737498
76.68834417208603 1.2378735523365987
76.73836918459229 1.2021289794751515
76.78839419709854 1.1633767038973701
76.8384192096048 1.1217136830233891
76.88844422211105 1.0772441568999869
76.9384692346173 1.0300793873940668
76.98849424712355 0.980337379817688
77.03851925962981 0.9281425876811291
77.08854427213606 0.8736256013126893
77.13856928464232 0.8169228211242932
77.18859429714857 0.7581761163403816
77.23861930965482 0.6975324700439443
77.28864432216108 0.6351436114277785
77.33866933466733 0.5711656361710775
77.38869434717358 0.5057586158911556
77.43871935967984 0.43908619764745666
77.48874437218609 0.3713151944998768
77.53876938469234 0.3026151681458179
77.5887943971986 0.2331580046802042
77.63881940970485 0.16311748453990327
77.6888444222111 0.09266884770854111
77.73886943471736 0.02198835526955989
77.78889444722361 -0.04874715159549459
77.83891945972987 -0.11936069406008065
77.88894447223612 -0.1896755984501528
77.93896948474237 -0.25951593827816766
77.98899449724863 -0.32870697440764596
78.03901950975487 -0.3970755922469847
78.08904452226112 -0.4644507348787886
78.13906953476737 -0.5306638310407468
78.18909454727363 -0.5955492168876448
78.23911955977988 -0.6589445504789808
78.28914457228613 -0.7206912179552594
78.33916958479239 -0.7806347303867034
78.38919459729864 -0.8386251103014737
78.4392196098049 -0.8945172669263094
78.48924462231115 -0.9481713592007484
78.5392696348174 -0.999453145656669
78.58929464732365 -1.0482343202877646
78.63931965982991 -1.0943928335686108
78.68934467233616 -1.1378131978201422
78.73936968484242 -1.1783867761575209
78.78939469734867 -1.2160120542974544
78.83941970985492 -1.250594894544906
78.88944472236118 -1.2820487713237299
78.93946973486743 -1.3102949876619354
78.98949474737368 -1.3352628720899404
79.03951975987994 -1.3568899554591787
79.08954477238619 -1.3751221272386611
79.13956978489244 -1.3899137708984464
79.1895947973987 -1.4012278780412877
79.23961980990495 -1.4090361409969037
79.2896448224112 -1.413319023647205
79.33966983491746 -1.4140658103052721
79.38969484742371 -1.4112746325257903
79.43971985992997 -1.4049524737798609
79.48974487243622 -1.3951151519824982
79.53976988494247 -1.3817872799165207
79.58979489744873 -1.3650022036518594
79.63981990995497 -1.3448019191143628
79.68984492246122 -1.3212369670128048
79.73986993496747 -1.2943663063870745
79.78989494747373 -1.2642571670938128
79.83991995997998 -1.230984881598657
79.88994497248623 -1.1946326964959175
79.93996998499249 -1.1552915642272583
79.98999499749874 -1.1130599155205028
80.040020010005 -1.0680434131179193
80.09004502251125 -1.0203546874101457
80.1400700350175 -0.9701130546372019
80.19009504752376 -0.9174442183616377
80.24012006003001 -0.8624799549607276
80.29014507253626 -0.8053577839246056
80.34017008504252 -0.7462206237852439
80.39019509754877 -0.6852164345371393
80.44022011005502 -0.6224978474443591
80.49024512256128 -0.5582217831601646
80.54027013506753 -0.4925490591146685
80.59029514757378 -0.42564398715283314
80.64032016008004 -0.35767396242951466
80.69034517258629 -0.2888090445901256
80.74037018509254 -0.2192215322847959
80.7903951975988 -0.14908553208058883
80.84042021010505 -0.07857652285034467
80.8904452226113 -0.007870916728043076
80.94047023511756 0.06285438227083606
80.99049524762381 0.1334224208596283
81.04052026013007 0.20365663921407717
81.09054527263632 0.27338131272149047
81.14057028514257 0.3424219916402146
81.19059529764881 0.41060593756938735
81.24062031015507 0.4777625556370472
81.29064532266132 0.5437238213249819
81.34067033516757 0.6083247008627972
81.39069534767383 0.671403564139099
81.44072036018008 0.7328025890968041
81.49074537268633 0.7923681566007794
81.54077038519259 0.8499512347898517
81.59079539769884 0.9054077519515495
81.6408204102051 0.9585989569866539
81.69084542271135 1.0093917665616778
81.7408704352176 1.057659098080713
81.79089544772386 1.1032801876435465
81.84092046023011 1.1461408921945302
81.89094547273636 1.1861339751062285
81.94097048524262 1.223159374483319
81.99099549774887 1.2571244535154582
82.04102051025512 1.2879442322527326
82.09104552276138 1.3155416002237974
82.14107053526763 1.339847509364736
82.19109554777388 1.3608011467759393
82.24112056028014 1.3783500868747662
82.29114557278639 1.3924504225633056
82.34117058529264 1.403066875083058
82.3911955977989 1.4101728822816866
82.44122061030515 1.4137506650709915
82.4912456228114 1.413791271909834
82.54127063531766 1.4102946012007136
82.59129564782391 1.4032694015439637
82.64132066033017 1.392733249848926
82.69134567283642 1.3787125073568771
82.74137068534267 1.361242253685727
82.79139569784891 1.3403661990615217
82.84142071035517 1.3161365749563054
82.89144572286142 1.2886140034060563
82.94147073536767 1.2578673453355376
82.99149574787393 1.2239735282696462
83.04152076038018 1.1870173538622777
83.09154577288643 1.147091285724283
83.14157078539269 1.1042952180813579
83.19159579789894 1.058736225840684
83.2416208104052 1.010528296691649
83.29164582291145 0.9597920459109207
83.3416708354177 0.9066544145854339
83.39169584792396 0.8512483520083225
83.44172086043021 0.793712483042442
83.49174587293646 0.7341907612837294
83.54177088544272 0.6728321088921785
83.59179589794897 0.6097900439915677
83.64182091045522 0.5452222965701778
83.69184592296148 0.47929041384350995
83.74187093546773 0.4121593560663749
83.79189594797398 0.34399708380562866
83.84192096048024 0.27497413770618606
83.89194597298649 0.20526321180172957
83.94197098549274 0.13503872143768503
83.991995997999 0.06447636688750635
84.04202101050525 -0.006247306245900863
84.0920460230115 -0.0769553487437552
84.14207103551776 -0.1474708504948139
84.19209604802401 -0.2176173831209396
84.24212106053027 -0.28721944139738265
84.29214607303652 -0.3561028823633504
84.34217108554276 -0.42409536102420065
84.39219609804901 -0.4910267615552558
84.44222111055527 -0.5567296229280858
84.49224612306152 -0.6210395578947363
84.54227113556777 -0.6837956642813234
84.59229614807403 -0.7448409275620612
84.64232116058028 -0.8040226137064727
84.69234617308653 -0.8611926513168849
84.74237118559279 -0.9162080021001118
84.79239619809904 -0.9689310187464087
84.8424212106053 -1.0192297893202946
84.89244622311155 -1.066978467301582
84.9424712356178 -1.1120575864508597
84.99249624812406 -1.154354359711638
85.04252126063031 -1.193762961401315
85.09254627313656 -1.230184791984922
85.14257128564282 -1.2635287247691918
85.19259629814907 -1.293711333899727
85.24262131065532 -1.3206571030908227
85.29264632316158 -1.3442986145657068
85.34267133566783 -1.3645767177344714
85.39269634817408 -1.3814406771876688
85.44272136068034 -1.3948482996352929
85.49274637318659 -1.4047660394735493
85.54277138569284 -1.411169082715286
85.5927963981991 -1.4140414090740951
85.64282141070535 -1.4133758320467484
85.6928464232116 -1.4091740168936855
85.74287143571786 -1.4014464764725658
85.79289644822411 -1.3902125449353084
85.84292146073037 -1.375500329354429
85.89294647323662 -1.3573466393997065
85.94297148574286 -1.3357968952411294
85.99299649824911 -1.3109050139085128
86.04302151075537 -1.2827332743922009
86.09304652326162 -1.2513521618222534
86.14307153576787 -1.216840191116063
86.19309654827413 -1.179283710535597
86.24312156078038 -1.1387766856457717
86.29314657328663 -1.0954204642144818
86.34317158579289 -1.049323522642509
86.39319659829914 -1.000601194557732
86.4432216108054 -0.9493753822526905
86.49324662331165 -0.8957742516874828
86.5432716358179 -0.8399319118210908
86.59329664832416 -0.7819880790734418
86.64332166083041 -0.7220877277577127
86.69334667333666 -0.6603807273574929
86.74337168584292 -0.5970214675563266
86.79339669834917 -0.532168471957806
86.84342171085542 -0.4659840014626786
86.89344672336168 -0.3986336482953111
86.94347173586793 -0.33028592169524973
86.99349674837418 -0.2611118263104647
87.04352176088044 -0.1912844343471347
87.09354677338669 -0.12097845254644013
87.14357178589295 -0.050369785071783246
87.1935967983992 0.02036490659991741
87.24362181090545 0.09104864568171789
87.2936468234117 0.1615045828690368
87.34367183591796 0.23155643881308707
87.39369684842421 0.30102894516828815
87.44372186093047 0.36974828311016844
87.4937468734367 0.43754251822657764
87.54377188594296 0.5042420306942299
87.59379689844921 0.5696799396640021
87.64382191095547 0.6336925207935646
87.69384692346172 0.6961196158824
87.74387193596797 0.7568050335844236
87.79389694847423 0.8155969401956148
87.84392196098048 0.8723482395389142
87.89394697348673 0.9269169409959235
87.94397198599299 0.9791665147645985
87.99399699849924 1.02896623345409
88.0440220110055 1.0761914991620658
88.09404702351175 1.1207241552161769
88.144072036018 1.1624527817996926
88.19409704852426 1.2012729747216588
88.24412206103051 1.2370876066341014
88.29414707353676 1.2698070700427107
88.34417208604302 1.2993495015030048
88.39419709854927 1.3256409864410343
88.44422211105552 1.348615744086171
88.49424712356178 1.368216292053283
88.54427213606803 1.384393590162515
88.59429714857428 1.3971071631368408
88.64432216108054 1.4063252018703971
88.69434717358679 1.4120246430142325
88.74437218609305 1.4141912266803458
88.7943971985993 1.4128195321196424
88.84442221110555 1.407912991284539
88.8944472236118 1.399483880242287
88.94447223611806 1.3875532884604986
88.99449724862431 1.3721510660417189
89.04452226113057 1.3533157490390648
89.0945472736368 1.331094463039796
89.14457228614306 1.3055428052580114
89.19459729864931 1.2767247054315636
89.24462231115557 1.2447122658711098
89.29464732366182 1.2095855810615734
89.34467233616807 1.1714325372673413
89.39469734867433 1.1303485926425847
89.44472236118058 1.0864365383968622
89.49474737368683 1.0398062416135645
89.54477238619309 0.9905743703646651
89.59479739869934 0.938864101809532
89.6448224112056 0.8848048140081327
89.69484742371185 0.8285317622197113
89.7448724362181 0.7701857404968279
89.79489744872436 0.7099127294214495
89.84492246123061 0.647863530864447
89.89494747373686 0.5841933906823242
89.94497248624312 0.5190616102951822
89.99499749874937 0.45263114811774546
90.04502251125562 0.3850682118406613
90.09504752376188 0.3165418425821739
90.14507253626813 0.24722349195061988
90.19509754877438 0.1772865930759262
90.24512256128064 0.10690612668338029
90.29514757378689 0.036258183295347024
90.34517258629315 -0.034480477343704075
90.3951975987994 -0.10513286851655157
90.44522261130565 -0.1755222193504571
90.4952476238119 -0.24547241709436052
90.54527263631816 -0.3148084477494695
90.59529764882441 -0.3833568339507908
90.64532266133065 -0.4509460690040169
90.6953476738369 -0.5174070459919291
90.74537268634316 -0.5825734808764144
90.79539769884941 -0.6462823285378868
90.84542271135567 -0.7083741907109045
90.89544772386192 -0.7686937147954482
90.94547273636817 -0.8270899825460261
90.99549774887443 -0.8834168876661127
91.04552276138068 -0.9375335013631867
91.09554777388693 -0.9893044249497572
91.14557278639319 -1.0386001286081783
91.19559779889944 -1.0852972754716672
91.2456228114057 -1.1292790302106843
91.29564782391195 -1.1704353513525951
91.3456728364182 -1.20866326660324
91.39569784892446 -1.2438671304815576
91.44572286143071 -1.2759588636226713
91.49574787393696 -1.3048581731507012
91.54577288644322 -1.330492753569938
91.59579789894947 -1.3527984676717497
91.64582291145572 -1.3717195070045984
91.69584792396198 -1.3872085315056708
91.74587293646823 -1.399226787944773
91.79589794897448 -1.4077442068841362
91.84592296148074 -1.4127394779115527
91.89594797398699 -1.4142001029586
91.94597298649325 -1.412122427570559
91.9959979989995 -1.406511650049788
92.04602301150575 -1.3973818084496723
92.096048024012 -1.3847557454516952
92.14607303651826 -1.3686650512135055
92.19609804902451 -1.3491499843309727
92.24612306153075 -1.3262593711119912
92.296148074037 -1.300050483414005
92.34617308654326 -1.2705888953510018
92.39619809904951 -1.2379483192283651
92.44622311155577 -1.2022104211161608
92.49624812406202 -1.163464616522262
92.54627313656827 -1.1218078466765307
92.59629814907453 -1.0773443359857968
92.64632316158078 -1.0301853312664717
92.69634817408703 -0.9804488234072334
92.74637318659329 -0.928259252158178
92.79639819909954 -0.8737471947850484
92.8464232116058 -0.817049039367521
92.89644822411205 -0.7583066435589527
92.9464732366183 -0.6976669796613626
92.99649824912456 -0.6352817669036657
93.04652326163081 -0.57130709184319
93.09654827413706 -0.5059030178402246
93.14657328664332 -0.43923318458268745
93.19659829914957 -0.37146439866289077
93.24662331165582 -0.3027662162307767
93.29664832416208 -0.23331051876781372
93.34667333666833 -0.1632710830429599
93.39669834917459 -0.09282314632665556
93.44672336168084 -0.022142967950668946
93.49674837418709 0.04859261168923368
93.54677338669335 0.11920661358442908
93.5967983991996 0.1895223629113858
93.64682341170585 0.2593639310685453
93.6968484242121 0.32855657584617304
93.74687343671836 0.39692717862787996
93.7968984492246 0.4643046775299266
93.84692346173085 0.5305204953947189
93.8969484742371 0.5954089615673772
93.94697348674336 0.6588077264004855
93.99699849924961 0.7205581674496502
94.04702351175587 0.7805057863436903
94.09704852426212 0.8385005953364788
94.14707353676837 0.8943974925732904
94.19709854927463 0.9480566251327462
94.24712356178088 0.9993437389360321
94.29714857428714 1.0481305146479247
94.34717358679339 1.0942948887292072
94.39719859929964 1.1377213588372084
94.4472236118059 1.1783012728103595
94.49724862431215 1.2159331005137333
94.5472736368184 1.2505226878654168
94.59729864932466 1.2819834924081435
94.64732366183091 1.3102367998367959
94.69734867433716 1.3352119209400253
94.74737368684342 1.356846368463248
94.79739869934967 1.3750860134505087
94.84742371185592 1.3898852206740497
94.89744872436218 1.4012069628127386
94.94747373686843 1.4090229130936862
94.99749874937469 1.4133135161652692
95.04752376188094 1.4140680370242282
95.09754877438719 1.4112845878744311
95.14757378689345 1.4049701328501036
95.1975987993997 1.3951404705917012
95.24762381190595 1.381820194718029
95.2976488244122 1.365042632293496
95.34767383691846 1.3448497604444676
95.3976988494247 1.321292101333337
95.44772386193095 1.294428595753058
95.4977488744372 1.2643264556584968
95.54777388694346 1.2310609960034358
95.59779889944971 1.1947154463040692
95.64782391195597 1.155380742400414
95.69784892446222 1.1131552989366535
95.74787393696847 1.0681447631296608
95.79789894947473 1.0204617504417715
95.84792396198098 0.9702255628191434
95.89794897448724 0.917561890200669
95.94797398699349 0.8626024960442559
95.99799899949974 0.8054848876572851
96.048024012006 0.7463519721560722
96.09804902451225 0.6853516989151136
96.1480740370185 0.6226366894007054
96.19809904952476 0.5583638553150789
96.24812406203101 0.49269400600645424
96.29814907453726 0.42579144612725983
96.34817408704352 0.3578235645471711
96.39819909954977 0.2889604155494989
96.44822411205602 0.21937429335876668
96.49824912456228 0.14923930106399852
96.54827413706853 0.07873091501626539
96.59829914957479 0.008025545790356747
96.64832416208104 -0.0626999031909572
96.69834917458729 -0.1332684782657595
96.74837418709355 -0.20350361826751606
96.7983991995998 -0.27322959627759147
96.84842421210605 -0.3422719592904928
96.8984492246123 -0.41045796469180673
96.94847423711855 -0.47761701245675614
96.9984992496248 -0.543581071988132
97.04852426213105 -0.6081851025253807
97.0985492746373 -0.67126746607337
97.14857428714356 -0.732670331817407
97.19859929964981 -0.7922400710127881
97.24862431215607 -0.849827641360851
97.29864932466232 -0.9052889599098326
97.34867433716857 -0.958485263547538
97.39869934967483 -1.009283456183879
97.44872436218108 -1.057556441754635
97.49874937468734 -1.1031834422132683
97.54877438719359 -1.146050299715188
97.59879939969984 -1.1860497622383974
97.6488244122061 -1.2230817519259136
97.69884942471235 -1.2570536154785683
97.7488744372186 -1.287880355971713
97.79889944972486 -1.315484845515828
97.84892446223111 -1.3397980182289637
97.89894947473736 -1.3607590430381982
97.94897448724362 -1.378315475877768
97.99899949974987 -1.3924233909030739
98.04902451225612 -1.4030474903922672
98.09904952476238 -1.4101611930604463
98.14907453726863 -1.4137467005655
98.19909954977489 -1.413795042039205
98.24912456228114 -1.4103060965321585
98.29914957478739 -1.4032885933163923
98.34917458729365 -1.3927600900449075
98.3991995997999 -1.3787469288227765
98.44922461230615 -1.3612841702997232
98.4992496248124 -1.3404155059490765
98.54927463731865 -1.3161931487525833
98.5992996498249 -1.2886777025645415
98.64932466233115 -1.2579380104822069
98.6993496748374 -1.2240509826017127
98.74937468734366 -1.1871014035905485
98.79939969984991 -1.147181720558015
98.84942471235617 -1.104391811754402
98.89944972486242 -1.0588387366775982
98.94947473736867 -1.0106364682123647
98.99949974987493 -0.959905607472452
99.04952476238118 -0.9067730820590201
99.09954977488744 -0.8513718284903127
99.14957478739369 -0.7938404595971427
99.19959979989994 -0.7343229177163546
99.2496248124062 -0.6729681145499712
99.29964982491245 -0.6099295585910861
99.3496748374187 -0.5453649710486785
99.39969984992496 -0.47943589123229474
99.44972486243121 -0.4123072723839203
99.49974987493746 -0.3441470689682601
99.54977488744372 -0.2751258164540197
99.59979989994997 -0.2054162046375656
99.64982491245622 -0.13519264557650112
99.69984992496248 -0.06463083721417917
99.74987493746873 0.0060926762130461
99.79989994997499 0.07680094588597475
99.84992496248124 0.14731706112497656
99.89994997498749 0.21746459201697965
99.94997498749375 0.2870680308395932
100.0 0.3559532311779251
