2 100 -5 5 1000
-3.14 -1.0843843843843843 0.40237133027335614
-3.1337137137137137 -0.38660660660660673 1.778589342772864
-3.1274274274274276 1.5495695695695697 -0.9362994287425325
-3.121141141141141 0.8266466466466467 1.0320917993692054
-3.114854854854855 2.857117117117117 -3.8793375700840063
-3.1085685685685687 2.957697697697698 -3.949280437760972
-3.102282282282282 -2.0398998998999 -2.3560674762422735
-3.095995995995996 1.4301301301301304 -0.5791318426873415
-3.0897097097097097 0.9397997997998 0.7701855206258499
-3.0834234234234237 2.624524524524525 -3.6073937809921386
-3.077137137137137 -1.6438638638638639 -1.2184883451562565
-3.070850850850851 0.3363163163163163 1.8325556671675516
-3.0645645645645647 0.7072072072072073 1.2812796325070464
-3.0582782782782783 2.228488488488489 -2.8330086043016705
-3.0519919919919922 2.3793593593593596 -3.1688835534205055
-3.0457057057057058 2.9136936936936944 -3.92128063831587
-3.0394194194194197 -2.391931931931932 -3.194455638632577
-3.0331331331331333 0.1854454454454455 1.9500327180285053
-3.026846846846847 2.831971971971972 -3.8557022735445434
-3.0205605605605608 -2.021041041041041 -2.303727082764355
-3.0142742742742743 2.2347747747747753 -2.8467392413665937
-3.0079879879879883 -1.360980980980981 -0.37293165743609924
-3.001701701701702 0.914654654654655 0.8326379282550891
-2.9954154154154153 -1.140960960960961 0.25283323420207227
-2.9891291291291293 -2.5993793793793794 -3.5668017388186497
-2.982842842842843 1.0592392392392393 0.47175531664523895
-2.976556556556557 1.2415415415415416 -0.026583515964857307
-2.9702702702702704 2.844544544544545 -3.8649473302124293
-2.963983983983984 -2.9451251251251254 -3.938346251728979
-2.957697697697698 2.8131131131131135 -3.835377640325394
-2.9514114114114114 0.5060460460460461 1.628521439927828
-2.9451251251251254 -1.7004404404404405 -1.383022695746601
-2.938838838838839 -3.14 -3.994861955935304
-2.932552552552553 -2.9011211211211214 -3.908220097446164
-2.9262662662662664 1.6501501501501505 -1.2320216165675277
-2.91997997997998 -1.0152352352352354 0.58839301102697
-2.913693693693694 -1.8827427427427428 -1.9142498638135668
-2.9074074074074074 -2.7125325325325327 -3.7212239565330507
-2.9011211211211214 -2.806826826826827 -3.8262422021997873
-2.894834834834835 1.2038238238238237 0.0839750098524813
-2.8885485485485485 -0.03457457457457469 2.0062003202790812
-2.8822622622622625 1.348408408408409 -0.32992715379425885
-2.875975975975976 -0.3488888888888888 1.8280654639258145
-2.86968968968969 1.9644644644644642 -2.1415084529893793
-2.8634034034034035 -1.3546946946946947 -0.34707122764315834
-2.8571171171171175 -2.002182182182182 -2.244291542379832
-2.850830830830831 2.014754754754755 -2.2780033341059402
-2.8445445445445445 2.693673673673674 -3.69304153527747
-2.8382582582582585 0.2483083083083084 1.9194681379428022
-2.831971971971972 -0.9712312312312315 0.7048096410524589
-2.825685685685686 -1.4175575575575576 -0.5296320296972621
-2.8193993993993995 2.6622422422422427 -3.648936083523175
-2.813113113113113 -1.2666866866866866 -0.08821157212081443
-2.806826826826827 3.14 -3.986020351245319
-2.8005405405405406 -1.757017017017017 -1.5409344016186735
-2.7942542542542546 -2.8382582582582585 -3.8479947668690535
-2.787967967967968 -1.4238438438438439 -0.5451369388028925
-2.7816816816816816 1.0215215215215214 0.5823548746197699
-2.7753953953953956 1.0089489489489494 0.6149672485606986
-2.769109109109109 0.5186186186186186 1.6228071241673319
-2.762822822822823 -2.1781981981981984 -2.6943281476626764
-2.7565365365365366 0.7323523523523523 1.2492872378572684
-2.75025025025025 2.8193993993994 -3.8265470255268514
-2.743963963963964 -1.2918318318318318 -0.15422047373817194
-2.7376776776776777 2.4547947947947946 -3.299516825751534
-2.7313913913913916 0.7889289289289292 1.1347767574963201
-2.725105105105105 0.6757757757757759 1.3622702992668672
-2.7188188188188187 -2.058758758758759 -2.3842221552390477
-2.7125325325325327 -2.1656256256256254 -2.6581786879497393
-2.706246246246246 1.1849649649649652 0.1525859521264531
-2.69995995995996 0.8329329329329331 1.0424066987355305
-2.6936736736736737 -0.8706506506506506 0.957961575235888
-2.6873873873873872 -2.9702702702702704 -3.9304033857197105
-2.6811011011011012 -0.4243243243243242 1.7603410261429673
-2.6748148148148148 -1.4112712712712714 -0.49634027631713395
-2.6685285285285287 -0.06600600600600615 2.021310713009239
-2.6622422422422423 1.7004404404404405 -1.359258881291665
-2.6559559559559562 -2.0524724724724726 -2.360459965738798
-2.6496696696696698 0.5374774774774775 1.6071049516480143
-2.6433833833833833 0.8203603603603606 1.0767395109429843
-2.6370970970970973 0.2671671671671674 1.9252140362557997
-2.630810810810811 1.4804204204204203 -0.6968058301664084
-2.624524524524525 -1.2415415415415416 0.0032479982020883202
-2.6182382382382383 2.3542142142142146 -3.0830728288391027
-2.6119519519519523 -1.3358358358358358 -0.2667258504276885
-2.605665665665666 2.4296496496496496 -3.2355938867040823
-2.5993793793793794 -1.2226826826826827 0.059900490174430665
-2.5930930930930933 -2.2410610610610613 -2.8262090558249966
-2.586806806806807 -2.938838838838839 -3.9003199432774958
-2.580520520520521 1.8261661661661663 -1.7187169692947135
-2.5742342342342344 2.86968968968969 -3.8498168795504686
-2.567947947947948 -1.713013013013013 -1.3843609958498595
-2.561661661661662 -1.5747147147147147 -0.9700088751266132
-2.5553753753753754 -2.3353553553553557 -3.034006791287358
-2.5490890890890894 1.4678478478478483 -0.6481372679646923
-2.542802802802803 1.9141741741741742 -1.965524120837229
-2.5365165165165164 -2.0964764764764765 -2.4599876778555876
-2.5302302302302304 -1.5495695695695697 -0.889966678390928
-2.523943943943944 -0.3740340340340338 1.839891431204773
-2.517657657657658 0.4117517517517517 1.7975319295318752
-2.5113713713713715 0.4934734734734736 1.6913164033930952
-2.505085085085085 -3.0897097097097097 -3.945746417518673
-2.498798798798799 2.002182182182182 -2.203185355768573
-2.4925125125125125 -2.215915915915916 -2.7516794792573607
-2.4862262262262265 -2.5365165165165164 -3.414166916477778
-2.47993993993994 1.757017017017017 -1.5012130159376231
-2.4736536536536535 1.9204604604604607 -1.9724954581172631
-2.4673673673673675 -3.0645645645645647 -3.9348180405802413
-2.461081081081081 1.7507307307307305 -1.479564443574584
-2.454794794794795 2.3164964964964967 -2.977074714465954
-2.4485085085085085 1.1032432432432437 0.41155720585437383
-2.442222222222222 -1.8324524524524526 -1.7155225906900982
-2.435935935935936 2.6873873873873877 -3.6342291188642464
-2.4296496496496496 -2.8822622622622625 -3.836994076172382
-2.4233633633633636 2.1216216216216215 -2.506380249321306
-2.417077077077077 2.322782782782783 -2.9843717240910896
-2.4107907907907906 -2.6370970970970973 -3.5602358236741156
-2.4045045045045046 0.198018018018018 2.008522392533244
-2.3982182182182186 2.2222022022022023 -2.7506309007063923
-2.391931931931932 -0.047147147147147184 2.066096594671349
-2.3856456456456456 0.9020820820820821 0.9305186164460522
-2.3793593593593596 -0.12258258258258259 2.0492386065470987
-2.373073073073073 -0.946086086086086 0.8275106215695289
-2.366786786786787 1.323263263263263 -0.19085442383351892
-2.3605005005005006 2.178198198198199 -2.6369092440999533
-2.354214214214214 3.1085685685685687 -3.9218644336764132
-2.347927927927928 -1.8701701701701703 -1.8070557825196347
-2.3416416416416417 0.5814814814814815 1.585879002759668
-2.3353553553553557 2.435935935935936 -3.20339949460878
-2.329069069069069 2.8508308308308314 -3.792681753467544
-2.3227827827827827 -0.17915915915915903 2.0346237823320554
-2.3164964964964967 -1.6752952952952953 -1.229028809527035
-2.3102102102102102 2.115335335335336 -2.468908895442117
-2.303923923923924 -2.5553753753753754 -3.4126814840944837
-2.2976376376376377 0.4054654654654657 1.8444758804878614
-2.2913513513513513 -2.6873873873873872 -3.6068189794306518
-2.2850650650650652 -0.7323523523523523 1.321122736318483
-2.2787787787787788 1.4112712712712718 -0.43183040755333923
-2.2724924924924927 1.3798398398398404 -0.3376653031910687
-2.2662062062062063 -3.077137137137137 -3.8995021890238313
-2.25991991991992 0.7260660660660663 1.33898104654353
-2.253633633633634 2.668528528528529 -3.573578687543829
-2.2473473473473473 1.4175575575575574 -0.44377568654154553
-2.2410610610610613 1.643863863863864 -1.1193390727427937
-2.234774774774775 2.1467667667667674 -2.5329058627839505
-2.2284884884884884 -3.114854854854855 -3.896505563789859
-2.2222022022022023 -1.7947347347347349 -1.5624019686552142
-2.215915915915916 -1.4867067067067068 -0.642817137489713
-2.20962962962963 -0.6506306306306304 1.4937249707840548
-2.2033433433433434 -2.234774774774775 -2.740729181655817
-2.197057057057057 -2.6622422422422423 -3.5524230481064487
-2.190770770770771 -1.492992992992993 -0.6559301203099841
-2.1844844844844844 -0.07229229229229217 2.104502461249338
-2.1781981981981984 -1.034094094094094 0.6477041311524973
-2.171911911911912 -3.121141141141141 -3.8841219836117746
-2.1656256256256254 -2.6182382382382383 -3.481722748764529
-2.1593393393393394 2.4673673673673675 -3.2253745648006373
-2.1530530530530534 -2.47993993993994 -3.247248882548657
-2.146766766766767 0.4180380380380382 1.862841654034261
-2.1404804804804805 -0.015715715715715728 2.1223137079246492
-2.134194194194194 2.7879679679679685 -3.6901739999646113
-2.127907907907908 0.22944944944944945 2.0470936458406124
-2.121621621621622 0.07857857857857864 2.117991296880726
-2.1153353353353355 -1.6627227227227228 -1.146603840101186
-2.109049049049049 2.241061061061061 -2.733246020867789
-2.1027627627627625 -2.6496696696696698 -3.5123883984768045
-2.0964764764764765 -0.8957957957957956 1.0081479156010644
-2.0901901901901905 0.6129129129129129 1.5889552269582774
-2.083903903903904 -0.9020820820820821 0.9965423121942251
-2.0776176176176175 0.14772772772772758 2.1055236570171156
-2.071331331331331 -1.1032432432432433 0.4919080103999405
-2.065045045045045 2.6182382382382383 -3.4570375765478625
-2.058758758758759 2.360500500500501 -2.9874143930744763
-2.0524724724724726 -0.4368968968968967 1.8628518523721755
-2.046186186186186 0.9083683683683685 0.991376570860437
-2.0398998998999 0.9335135135135135 0.9329595601917987
-2.0336136136136136 0.06600600600600615 2.143034711169959
-2.0273273273273276 0.6003403403403405 1.626655473712466
-2.021041041041041 -1.8575975975975976 -1.6957653885769255
-2.0147547547547546 -1.3044044044044045 -0.055677020364126806
-2.0084684684684686 0.03457457457457469 2.154455875559045
-2.002182182182182 -1.9204604604604605 -1.8698068561997694
-1.9958958958958959 0.4683283283283286 1.8366118723887594
-1.9896096096096096 0.6191991991991994 1.6043778013722223
-1.9833233233233234 1.782162162162162 -1.46632316351123
-1.9770370370370371 -0.2985985985985984 2.032036892369912
-1.970750750750751 2.5050850850850854 -3.246009141529714
-1.9644644644644644 -0.22944944944944945 2.089636577747531
-1.9581781781781782 3.0205605605605608 -3.8080432869805647
-1.951891891891892 -1.1661061061061062 0.3529697152726029
-1.9456056056056057 -0.6694894894894894 1.5259488564528145
-1.9393193193193194 2.5176576576576575 -3.2594506426906644
-1.9330330330330332 1.5181381381381382 -0.6650099323480735
-1.9267467467467467 -1.4804204204204205 -0.5503628171702448
-1.9204604604604605 1.6061461461461461 -0.9253509609218723
-1.9141741741741742 -1.1975375375375374 0.27643781295948433
-1.907887887887888 2.3039239239239238 -2.823294222876117
-1.9016016016016017 2.2850650650650652 -2.7790762681980072
-1.8953153153153153 3.0268468468468472 -3.792322533840381
-1.889029029029029 1.4741341341341339 -0.5206772651513041
-1.8827427427427428 -2.7942542542542546 -3.6292122836645286
-1.8764564564564565 1.0529529529529529 0.6785104030985298
-1.8701701701701703 1.5369969969969968 -0.7032709158819012
-1.863883883883884 -2.2976376376376377 -2.7963170010210616
-1.8575975975975976 -1.6312912912912914 -0.9822754626610771
-1.8513113113113113 -1.0718118118118118 0.6365871710940297
-1.845025025025025 -0.524904904904905 1.7989935638705075
-1.8387387387387388 -1.65015015015015 -1.0330311151548126
-1.8324524524524526 -2.8193993993993995 -3.6389393653989313
-1.8261661661661661 1.9518918918918922 -1.9072051910678
-1.8198798798798799 1.5998598598598597 -0.8766452015500673
-1.8135935935935936 1.5055655655655653 -0.5919802072853756
-1.8073073073073074 -0.7449249249249248 1.4198235735587559
-1.8010210210210211 -2.9074074074074074 -3.7017553306620723
-1.7947347347347349 -3.0331331331331333 -3.7640598155573524
-1.7884484484484484 -3.1337137137137137 -3.779630468039479
-1.7821621621621622 1.8010210210210214 -1.4623406237188867
-1.775875875875876 -2.20962962962963 -2.564549906537879
-1.7695895895895897 1.5244244244244247 -0.6347191620499975
-1.7633033033033034 -1.5621421421421422 -0.7458279490083497
-1.757017017017017 -1.2792592592592593 0.09248660038685264
-1.7507307307307307 1.8701701701701707 -1.6525435245406126
-1.7444444444444445 1.7758758758758764 -1.376695124484149
-1.7381581581581582 -2.121621621621622 -2.3339066835129127
-1.731871871871872 -2.523943943943944 -3.207429179733729
-1.7255855855855857 -1.8953153153153153 -1.7162204818891713
-1.7192992992992993 2.982842842842843 -3.7198910038796362
-1.713013013013013 -2.1530530530530534 -2.4052892777159753
-1.7067267267267268 0.9838038038038035 0.9080825119511198
-1.7004404404404405 -1.5684284284284284 -0.7443220400943729
-1.6941541541541543 -1.1723923923923925 0.41449520073068247
-1.6878678678678678 -1.7507307307307307 -1.2841582161785154
-1.6815815815815816 -0.6443443443443444 1.653310612392169
-1.6752952952952953 -1.9016016016016017 -1.7174851953436043
-1.669009009009009 -2.417077077077077 -2.9874255727633408
-1.6627227227227228 1.386126126126126 -0.18798238136757905
-1.6564364364364366 -0.7134934934934933 1.5315125085903838
-1.65015015015015 -0.8832232232232231 1.1693920030515406
-1.6438638638638639 0.568908908908909 1.7950053155075343
-1.6375775775775776 -1.3295495495495495 -0.013578529299360542
-1.6312912912912914 0.8517917917917921 1.2477395724641385
-1.625005005005005 2.2473473473473473 -2.6043327475600986
-1.6187187187187189 2.794254254254254 -3.544691429522419
-1.6124324324324324 -2.454794794794795 -3.0415141009683255
-1.6061461461461461 -2.6559559559559562 -3.372627539043056
-1.59985985985986 1.3169769769769775 0.03600101288964075
-1.5935735735735737 0.37403403403403424 2.0774692592991775
-1.5872872872872874 -2.813113113113113 -3.5525149452390874
-1.581001001001001 -0.44318318318318317 1.9994682568453044
-1.5747147147147147 -2.2913513513513513 -2.6878963056284233
-1.5684284284284284 -0.3551751751751753 2.1064876483924664
-1.5621421421421422 -2.8005405405405406 -3.5312502876340277
-1.555855855855856 -2.171911911911912 -2.3984934083342804
-1.5495695695695697 1.7884484484484484 -1.347375510459626
-1.5432832832832832 -0.48090090090090065 1.9624227847128872
-1.536996996996997 0.11629629629629656 2.2846791016558816
-1.5307107107107107 -2.4736536536536535 -3.0480928591350547
-1.5244244244244245 -2.3164964964964967 -2.725982240649603
-1.5181381381381382 -2.1404804804804805 -2.3063447059301647
-1.5118518518518518 1.618718718718719 -0.8296748541717576
-1.5055655655655655 3.0457057057057058 -3.6698913528292447
-1.4992792792792793 -2.7753953953953956 -3.482462238005492
-1.492992992992993 2.7251051051051056 -3.422617738339564
-1.4867067067067068 2.8382582582582585 -3.5397978586866965
-1.4804204204204205 0.8392192192192192 1.3296889457497851
-1.474134134134134 0.08486486486486511 2.3170842783578824
-1.4678478478478478 -2.6748148148148148 -3.3488572912981107
-1.4615615615615616 -0.16030030030030007 2.294086937142337
-1.4552752752752753 -1.9770370370370371 -1.850583793563874
-1.448988988988989 -2.8885485485485485 -3.5672214173361994
-1.4427027027027026 -2.3416416416416417 -2.7506255744481756
-1.4364164164164164 -0.022002002002001753 2.3412373622791014
-1.4301301301301301 -2.9891291291291293 -3.6208663457384445
-1.4238438438438439 -0.8392192192192192 1.350841997537624
-1.4175575575575576 2.549089089089089 -3.1395427298204055
-1.4112712712712714 0.952372372372372 1.0907373836793628
-1.404984984984985 0.55005005005005 1.9113730338419397
-1.3986986986986987 -0.040860860860860715 2.3537760276624153
-1.3924124124124124 -0.11629629629629612 2.338424207429991
-1.3861261261261262 -0.7637837837837838 1.5277757276851947
-1.37983983983984 2.423363363363364 -2.8953918051488885
-1.3735535535535537 -0.3363163163163163 2.1978822001348286
-1.3672672672672672 -1.2604004004004004 0.2846927184407464
-1.360980980980981 -1.027807807807808 0.920916571354863
-1.3546946946946947 0.43689689689689715 2.0914789335837978
-1.3484084084084085 -2.1027627627627625 -2.145962888270519
-1.3421221221221222 1.7381581581581584 -1.121562193501071
-1.3358358358358358 3.0394194194194193 -3.6037072243069828
-1.3295495495495495 -0.45575575575575566 2.0769040529571896
-1.3232632632632633 -1.184964964964965 0.5145835235517386
-1.316976976976977 -1.9896096096096096 -1.8319518332505706
-1.3106906906906908 -0.6254854854854854 1.8226038207275967
-1.3044044044044045 -0.7889289289289287 1.5068791775422086
-1.298118118118118 0.9209409409409415 1.2107767531873588
-1.2918318318318318 -2.6685285285285287 -3.2724593086749145
-1.2855455455455456 2.1341941941941944 -2.2016031315898186
-1.2792592592592593 -0.8580780780780781 1.3647800016573703
-1.272972972972973 0.1603003003003005 2.367164599912861
-1.2666866866866866 -2.2033433433433434 -2.3654456861176794
-1.2604004004004004 1.731871871871872 -1.0704462785174258
-1.254114114114114 2.373073073073073 -2.743585595367726
-1.2478278278278279 3.0708508508508507 -3.5767126782692804
-1.2415415415415416 -1.5872872872872874 -0.6311329407423194
-1.2352552552552554 -1.0466666666666669 0.9222763625171553
-1.228968968968969 2.2096296296296294 -2.3653150830997935
-1.2226826826826827 2.7125325325325327 -3.302037840877876
-1.2163963963963964 -2.769109109109109 -3.365668837398866
-1.2101101101101102 -0.6003403403403405 1.9066228312104467
-1.203823823823824 0.8077877877877877 1.5070776548182447
-1.1975375375375374 1.5621421421421426 -0.5376636368049017
-1.1912512512512512 -3.001701701701702 -3.5317203774086527
-1.184964964964965 -0.39289289289289275 2.212993938354609
-1.1786786786786787 -2.354214214214214 -2.672927318933466
-1.1723923923923925 -1.7067267267267268 -0.959732831706386
-1.1661061061061062 1.6627227227227226 -0.8259660851642869
-1.1598198198198197 1.669009009009009 -0.8421131860512879
-1.1535335335335335 2.8759759759759764 -3.4401090096055524
-1.1472472472472472 2.027327327327327 -1.8651903404830215
-1.140960960960961 2.3416416416416417 -2.6302620545789512
-1.1346746746746748 -0.07857857857857864 2.453354435044433
-1.1283883883883883 2.0210410410410415 -1.840292687814928
-1.1221021021021023 0.4809009009009011 2.1276592240945087
-1.1158158158158158 -0.4117517517517517 2.2198509532584705
-1.1095295295295293 1.5684284284284282 -0.5196396706347138
-1.1032432432432433 1.0780980980980979 0.8949457105450583
-1.0969569569569568 0.23573573573573592 2.395638811679619
-1.0906706706706708 -2.442222222222222 -2.8144476605406292
-1.0843843843843843 3.0017017017017023 -3.4867086387433552
-1.0780980980980983 -0.5814814814814815 1.993629414487916
-1.0718118118118118 -0.09115115115115113 2.4769256754904596
-1.0655255255255254 2.4799399399399404 -2.8748486794423473
-1.0592392392392393 -0.6883483483483483 1.8116837909801058
-1.0529529529529529 1.9016016016016022 -1.4769043302726796
-1.0466666666666669 1.8073073073073078 -1.2027066107639675
-1.0403803803803804 1.272972972972973 0.38327505663798195
-1.034094094094094 0.12258258258258259 2.4831731299811883
-1.027807807807808 1.9833233233233236 -1.6943574707551852
-1.0215215215215214 0.7512112112112113 1.703747116259241
-1.0152352352352354 -0.14144144144144155 2.4839448206993495
-1.008948948948949 1.4427027027027024 -0.10011659152092822
-1.0026626626626625 -2.9514114114114114 -3.4265034359157456
-0.9963763763763764 0.7763563563563562 1.6625792003916076
-0.99009009009009 1.9393193193193192 -1.5557852397150937
-0.983803803803804 1.6250050050050056 -0.6348495445622371
-0.9775175175175175 -0.22316316316316298 2.456076479103975
-0.9712312312312315 1.8638838838838843 -1.3334813610355385
-0.964944944944945 -3.102282282282282 -3.461653172923973
-0.9586586586586585 -1.228968968968969 0.5444436632536541
-0.9523723723723725 -0.46204204204204213 2.227039215722723
-0.946086086086086 -3.1274274274274276 -3.455296289565968
-0.9397997997998 -2.69995995995996 -3.1649621239898837
-0.9335135135135135 -2.743963963963964 -3.2159378415890285
-0.9272272272272271 -0.575195195195195 2.070075208645444
-0.920940940940941 -0.7574974974974973 1.7353036767426924
-0.9146546546546546 2.2724924924924923 -2.378093846187533
-0.9083683683683685 -2.8445445445445445 -3.30734335923424
-0.9020820820820821 1.9330330330330336 -1.4990027304463729
-0.8957957957957956 1.2541141141141146 0.5011746787612239
-0.8895095095095096 0.15401401401401404 2.534253294937626
-0.8832232232232231 2.894834834834835 -3.336525388503725
-0.8769369369369371 0.7134934934934938 1.8436869172622645
-0.8706506506506506 -2.75025025025025 -3.1948989881964684
-0.8643643643643641 -2.5930930930930933 -2.9787768052041317
-0.8580780780780781 -1.6187187187187189 -0.5597092833545195
-0.8517917917917917 0.543763763763764 2.1541657612024707
-0.8455055055055056 2.473653653653654 -2.765571970266524
-0.8392192192192192 -1.7255855855855857 -0.8699196042076274
-0.8329329329329331 -2.0901901901901905 -1.893593572649658
-0.8266466466466467 -1.008948948948949 1.1965964626252514
-0.8203603603603602 0.13515515515515508 2.573866742182777
-0.8140740740740742 -0.172872872872873 2.5593937957576234
-0.8077877877877877 -1.9267467467467467 -1.4384459928998563
-0.8015015015015017 -0.40546546546546525 2.366646966710487
-0.7952152152152152 0.29859859859859883 2.4800353892805713
-0.7889289289289287 -2.329069069069069 -2.4473191545805357
-0.7826426426426427 -0.9775175175175175 1.2958373853649867
-0.7763563563563562 1.1095295295295293 0.956745836273216
-0.7700700700700702 -0.7072072072072073 1.90494645143562
-0.7637837837837838 0.6066266266266269 2.0920508014545183
-0.7574974974974973 -0.08486486486486466 2.6194452276259987
-0.7512112112112113 -1.0529529529529529 1.11818628422666
-0.7449249249249248 -0.3426026026026028 2.4617404633590456
-0.7386386386386388 0.5311911911911911 2.225632083951638
-0.7323523523523523 2.9891291291291293 -3.323247541675223
-0.7260660660660663 -1.6375775775775776 -0.5553060867638275
-0.7197797797797798 2.523943943943944 -2.7978983433852944
-0.7134934934934933 -0.0031431431431432344 2.6507575159026677
-0.7072072072072073 -0.7260660660660663 1.8970954511255216
-0.7009209209209208 -2.957697697697698 -3.292747073518389
-0.6946346346346348 1.694154154154154 -0.7095121561298591
-0.6883483483483483 -2.0336136136136136 -1.6768317336582816
-0.6820620620620619 -3.0519919919919922 -3.3224245606940763
-0.6757757757757759 -1.1221021021021023 0.9698729998768627
-0.6694894894894894 -0.23573573573573547 2.588500208213871
-0.6632032032032034 0.6632032032032034 2.038514937325873
-0.6569169169169169 2.2662062062062067 -2.2446848657662737
-0.6506306306306304 0.44318318318318317 2.3905661364427315
-0.6443443443443444 -1.8764564564564565 -1.219396036840096
-0.6380580580580579 -3.0079879879879883 -3.2869092274792178
-0.6317717717717719 -2.517657657657658 -2.745416017996072
-0.6254854854854854 1.5810010010010012 -0.3382829830212574
-0.619199199199199 -3.0582782782782783 -3.294271390843621
-0.6129129129129129 0.8455055055055056 1.6883771897828892
-0.6066266266266265 -2.7313913913913916 -3.0498056456208253
-0.6003403403403405 0.009429429429429703 2.7041838576245065
-0.594054054054054 2.3919319319319325 -2.488438991372775
-0.587767767767768 -3.0205605605605608 -3.2677254258549544
-0.5814814814814815 2.203343343343344 -2.0602646693953908
-0.575195195195195 2.5302302302302304 -2.7402496228287223
-0.568908908908909 -0.6066266266266265 2.184093668762095
-0.5626226226226225 0.040860860860860715 2.719880280036746
-0.5563363363363365 -1.907887887887888 -1.2668259174503118
-0.55005005005005 2.052472472472473 -1.6613667982115419
-0.5437637637637636 -2.982842842842843 -3.230821735480716
-0.5374774774774775 0.7700700700700702 1.8880700108515784
-0.5311911911911911 0.14144144144144155 2.707557446521105
-0.524904904904905 1.2792592592592595 0.6028245149753346
-0.5186186186186186 2.731391391391391 -3.007534751821633
-0.5123323323323321 -2.7188188188188187 -2.9892367998030327
-0.5060460460460461 2.140480480480481 -1.868430200386105
-0.4997597597597596 -0.8455055055055056 1.7427717109593819
-0.4934734734734736 -0.15401401401401404 2.720248970053943
-0.4871871871871871 -1.9330330330330332 -1.3042917078199463
-0.48090090090090065 1.0906706706706708 1.1475317427942633
-0.4746146146146146 -1.2163963963963964 0.8059966954229356
-0.46832832832832816 2.6056656656656663 -2.811416971650458
-0.46204204204204213 -0.7512112112112113 1.9636166331979328
-0.45575575575575566 -1.4552752752752753 0.11988207521433475
-0.44946946946946964 2.706246246246246 -2.943019799967651
-0.44318318318318317 -0.7826426426426427 1.907375048726827
-0.4368968968968967 -1.3924124124124124 0.3156028882490858
-0.4306106106106107 0.8832232232232236 1.6903450315138941
-0.4243243243243242 1.7633033033033034 -0.7845345537587314
-0.4180380380380382 0.4243243243243242 2.526450990310866
-0.4117517517517517 -2.146766766766767 -1.8383713783012527
-0.40546546546546525 -0.02828828828828822 2.7974528934965313
-0.3991791791791792 -2.2724924924924927 -2.1348092615420953
-0.39289289289289275 -1.8261661661661661 -0.9529951787628352
-0.38660660660660673 0.36146146146146174 2.6140412509910687
-0.38032032032032026 0.16658658658658654 2.769453369620402
-0.3740340340340338 -2.6433833833833833 -2.8212477849975888
-0.36774774774774777 -1.8513113113113113 -1.013391128632159
-0.3614614614614613 -2.2787787787787788 -2.1306556921351225
-0.3551751751751753 1.6752952952952955 -0.48958226882363565
-0.3488888888888888 -1.5055655655655655 0.02199249260965147
-0.3426026026026028 -0.7009209209209208 2.122281020279719
-0.3363163163163163 1.3546946946946945 0.47590392967925826
-0.33003003003002984 0.17915915915915903 2.7877144989981
-0.3237437437437438 -1.9958958958958959 -1.398400362421213
-0.31745745745745735 0.6317717717717719 2.2628841870818945
-0.3111711711711713 -0.9963763763763764 1.475085140135854
-0.30488488488488485 -0.8266466466466467 1.8801868159987825
-0.2985985985985984 -1.0655255255255254 1.3033879995626887
-0.29231231231231236 0.8957957957957956 1.72905683761791
-0.2860260260260259 0.44946946946946964 2.559507203939624
-0.27973973973973987 2.718818818818819 -2.875277363275146
-0.2734534534534534 1.1472472472472472 1.0966943850991255
-0.26716716716716693 -2.787967967967968 -2.947557591318679
-0.2608808808808809 -1.536996996996997 -0.028692169580143798
-0.25459459459459444 -0.6569169169169169 2.2486825169004465
-0.2483083083083084 1.0340940940940944 1.4100785897609225
-0.24202202202202194 1.4992792792792797 0.09365240921885966
-0.23573573573573547 -2.894834834834835 -3.026723506521493
-0.22944944944944945 0.39289289289289275 2.6569428134541253
-0.22316316316316298 0.4306106106106107 2.6147829179715183
-0.21687687687687696 -2.197057057057057 -1.866583684267363
-0.2105905905905905 -2.86968968968969 -2.9948855472489426
-0.20430430430430446 -0.920940940940941 1.7132392391411897
-0.198018018018018 0.2860260260260259 2.7792706905177207
-0.19173173173173153 2.8634034034034035 -2.9803819147986292
-0.1854454454454455 2.6559559559559562 -2.745723723998374
-0.17915915915915903 2.1970570570570573 -1.847817462682051
-0.172872872872873 0.7386386386386388 2.1318286257987142
-0.16658658658658654 -2.3856456456456456 -2.2660637437432736
-0.16030030030030007 2.398218218218218 -2.288631416003667
-0.15401401401401404 -1.6878678678678678 -0.4273438164054335
-0.14772772772772758 -0.4180380380380382 2.6678648618658394
-0.14144144144144155 1.8953153153153157 -1.0272205389565836
-0.13515515515515508 2.09019019019019 -1.5565882434564313
-0.1288688688688686 -2.083903903903904 -1.5370508758510069
-0.12258258258258259 2.5553753753753754 -2.5603707880677566
-0.11629629629629612 -1.7695895895895897 -0.6505748960777573
-0.1100100100100101 -0.7952152152152152 2.045416074082091
-0.10372372372372363 -1.3735535535535537 0.5360603231730954
-0.0974374374374376 0.3551751751751753 2.7640573071076537
-0.09115115115115113 -1.0403803803803804 1.4721167374530295
-0.08486486486486466 1.9581781781781786 -1.1757163966595852
-0.07857857857857864 2.448508508508509 -2.347116713125678
-0.07229229229229217 -1.9456056056056057 -1.1344234402886213
-0.06600600600600615 -0.6129129129129129 2.4209304772177185
-0.05971971971971968 -2.8571171171171175 -2.9092823553147866
-0.05343343343343321 -1.0780980980980983 1.3923011853165896
-0.047147147147147184 -1.1535335335335335 1.192207456071369
-0.040860860860860715 -1.951891891891892 -1.1362419866846594
-0.03457457457457469 -0.6946346346346348 2.2875764492991757
-0.02828828828828822 1.9267467467467472 -1.0595877706740604
-0.022002002002001753 0.3111711711711713 2.844926143761431
-0.015715715715715728 -2.5302302302302304 -2.46445808508263
-0.009429429429429259 -0.8203603603603602 2.041158363818605
-0.0031431431431432344 -2.253633633633634 -1.8945616783141437
0.0031431431431432344 -0.8140740740740742 2.061197328969791
0.009429429429429703 1.0655255255255258 1.4568479600680309
0.015715715715715728 -0.25459459459459444 2.9111542104484216
0.022002002002002197 2.297637637637638 -1.9825368343834466
0.02828828828828822 2.91997997997998 -2.9124890693963366
0.03457457457457469 -1.404984984984985 0.5124442241326864
0.040860860860860715 3.0331331331331337 -2.9619430800738162
0.047147147147147184 2.7628228228228227 -2.7637892929117025
0.05343343343343365 -1.9644644644644644 -1.1240220920500825
0.05971971971971968 -0.619199199199199 2.4728858900422974
0.06600600600600615 0.7952152152152152 2.133390358739301
0.07229229229229217 1.4049849849849854 0.5312960734570153
0.07857857857857864 2.1593393393393394 -1.6261701060822684
0.08486486486486511 -1.625005005005005 -0.12012669780897131
0.09115115115115113 0.594054054054054 2.5315948171337213
0.0974374374374376 1.310690690690691 0.8202473569726172
0.10372372372372363 -1.8387387387387388 -0.7424048733418267
0.1100100100100101 1.3295495495495495 0.7717177228106855
0.11629629629629656 -1.5307107107107107 0.17834003011992328
0.12258258258258259 -2.190770770770771 -1.6817901587578468
0.12886886886886906 0.38660660660660673 2.8429714403188955
0.13515515515515508 -1.9833233233233234 -1.135250687282039
0.14144144144144155 -0.6317717717717719 2.4916090163967697
0.14772772772772758 2.586806806806807 -2.476243085243141
0.15401401401401404 -3.0834234234234237 -2.917995022012061
0.1603003003003005 3.0519919919919922 -2.907901273669564
0.16658658658658654 2.153053053053053 -1.5665336057322077
0.172872872872873 1.8135935935935934 -0.6349275079701725
0.17915915915915903 -0.5060460460460461 2.7134635549360175
0.1854454454454455 -0.5374774774774775 2.6695985281106562
0.19173173173173197 2.9011211211211214 -2.817958252542363
0.198018018018018 -0.9083683683683685 1.9439466613092997
0.20430430430430446 0.8015015015015017 2.1888610235657358
0.2105905905905905 -0.568908908908909 2.632568618129934
0.21687687687687696 -2.2284884884884884 -1.725650095492361
0.22316316316316342 -1.1912512512512512 1.2228440619122896
0.22944944944944945 -1.9581781781781782 -1.0188234693998521
0.23573573573573592 1.4489889889889889 0.4821141917208679
0.24202202202202194 -1.6815815815815816 -0.21096044068474218
0.2483083083083084 1.360980980980981 0.7486733389825956
0.2545945945945949 2.0713313313313315 -1.312731166452053
0.2608808808808809 1.1283883883883887 1.4144212972051298
0.2671671671671674 2.8885485485485485 -2.771277782408655
0.2734534534534534 2.8256856856856856 -2.7152438575735656
0.27973973973973987 1.5307107107107112 0.2596389014479043
0.2860260260260259 -2.5490890890890894 -2.346109561841941
0.29231231231231236 1.0403803803803808 1.663312893140127
0.29859859859859883 -2.0084684684684686 -1.1227512743702133
0.30488488488488485 0.8706506506506506 2.0848399997681835
0.3111711711711713 -2.624524524524525 -2.4528580704951364
0.31745745745745735 3.114854854854855 -2.8408646545344856
0.3237437437437438 -0.05343343343343321 3.1568842105626733
0.3300300300300303 -1.6564364364364366 -0.09233924995133166
0.3363163163163163 2.5428028028028034 -2.310688164289943
0.3426026026026028 1.015235235235235 1.752725015783553
0.3488888888888888 -3.0457057057057058 -2.812658063056056
0.3551751751751753 -3.026846846846847 -2.803616142124318
0.36146146146146174 -0.2860260260260259 3.0578664685252206
0.36774774774774777 -0.964944944944945 1.8912259071267086
0.37403403403403424 -2.4045045045045046 -2.0353577962657403
0.38032032032032026 -2.065045045045045 -1.2340950680147675
0.38660660660660673 -0.4871871871871871 2.843061163285545
0.39289289289289275 0.6694894894894894 2.5476011154836438
0.3991791791791792 -1.3484084084084085 0.8599451709670598
0.4054654654654657 0.022002002002002197 3.200620742819413
0.4117517517517517 -1.889029029029029 -0.7342408482111015
0.4180380380380382 0.4871871871871871 2.858459816741107
0.4243243243243242 0.015715715715715728 3.2102036044109425
0.4306106106106107 -1.298118118118118 1.0215806641539877
0.43689689689689715 0.0974374374374376 3.2024853880598747
0.44318318318318317 -2.4485085085085085 -2.0880549550026237
0.44946946946946964 -2.630810810810811 -2.394239913985612
0.45575575575575566 0.6569169169169169 2.6015470650626544
0.46204204204204213 -2.2850650650650652 -1.7362236736010992
0.4683283283283286 -2.8634034034034035 -2.652632778311136
0.4746146146146146 -0.0974374374374376 3.2208564354252247
0.4809009009009011 1.5558558558558562 0.2829598872722142
0.4871871871871871 -2.706246246246246 -2.4789803466959617
0.4934734734734736 -2.4233633633633636 -2.0146755551426745
0.49975975975976006 3.0142742742742743 -2.7284303014867266
0.5060460460460461 2.536516516516517 -2.217044505224846
0.5123323323323326 1.6878678678678676 -0.09703920338776567
0.5186186186186186 -1.7192992992992993 -0.18746023018807623
0.524904904904905 -0.5626226226226225 2.7970270955771146
0.5311911911911911 -0.2734534534534534 3.1510160459183663
0.5374774774774775 1.2289689689689687 1.2711435114653675
0.543763763763764 1.4615615615615618 0.5955976433141265
0.55005005005005 2.1090490490490494 -1.2663386353178012
0.5563363363363365 2.6811011011011012 -2.4129078025167954
0.5626226226226225 2.498798798798799 -2.1236568033800474
0.568908908908909 -2.7816816816816816 -2.527150676472837
0.5751951951951955 0.7826426426426427 2.4108069396599867
0.5814814814814815 -0.4746146146146146 2.955068678265954
0.587767767767768 -2.762822822822823 -2.4976889162227254
0.594054054054054 -1.272972972972973 1.1729989514850439
0.6003403403403405 -0.1288688688688686 3.2708064498563902
0.6066266266266269 2.4422222222222225 -1.9970589369303413
0.6129129129129129 -2.4925125125125125 -2.088238350589418
0.6191991991991994 0.587767767767768 2.8012189017980393
0.6254854854854854 -1.4678478478478478 0.6159696735668121
0.6317717717717719 0.21687687687687696 3.240381387058
0.6380580580580579 2.0964764764764765 -1.1917595830598273
0.6443443443443444 -0.594054054054054 2.802662737315841
0.6506306306306309 -0.3991791791791792 3.0837485578745043
0.6569169169169169 2.065045045045045 -1.1005269581438766
0.6632032032032034 -0.3237437437437438 3.1697111316370084
0.6694894894894894 -2.6119519519519523 -2.2604378628892206
0.6757757757757759 2.253633633633634 -1.5614949611616387
0.6820620620620623 3.127427427427428 -2.665240100553483
0.6883483483483483 1.1661061061061067 1.5186214652866954
0.6946346346346348 -1.1095295295295293 1.6756251395793411
0.7009209209209208 -1.3861261261261262 0.8941973705171364
0.7072072072072073 3.1211411411411416 -2.653091924729607
0.7134934934934938 0.05971971971971968 3.3438795874533733
0.7197797797797798 -0.55005005005005 2.9096662608467376
0.7260660660660663 2.511371371371372 -2.068580149244466
0.7323523523523523 -2.9954154154154153 -2.6099576132667206
0.7386386386386388 1.3044044044044045 1.150737774605433
0.7449249249249252 1.9958958958958957 -0.8733243186520623
0.7512112112112113 1.1786786786786787 1.5132745618858552
0.7574974974974977 0.6883483483483483 2.686647087305495
0.7637837837837838 -1.4301301301301301 0.793285024320902
0.7700700700700702 -1.863883883883884 -0.49113686331770906
0.7763563563563562 2.6308108108108113 -2.2385849236357744
0.7826426426426427 0.0031431431431432344 3.3813953659340634
0.7889289289289292 0.05343343343343365 3.380032157353817
0.7952152152152152 -2.5113713713713715 -2.036477673143813
0.8015015015015017 3.064564564564565 -2.6009946901937147
0.8077877877877877 -1.316976976976977 1.1463101785094767
0.8140740740740742 -2.542802802802803 -2.0821647489497206
0.8203603603603606 1.373553553553554 0.9866735082698876
0.8266466466466467 -1.7884484484484484 -0.24615819541214046
0.8329329329329331 1.0969569569569573 1.7734494820370168
0.8392192192192192 3.0959959959959966 -2.589477996647316
0.8455055055055056 1.7947347347347349 -0.2559417957239221
0.8517917917917921 1.285545545545546 1.2573311348251326
0.8580780780780781 2.1719119119119124 -1.280691432441467
0.8643643643643641 2.932552552552553 -2.5158383564939104
0.8706506506506506 0.9460860860860865 2.1762921997003097
0.8769369369369371 1.8513113113113113 -0.4059983113311824
0.8832232232232236 -2.3793593593593596 -1.7424899008281363
0.88950950950951 -2.580520520520521 -2.109818859276735
0.8957957957957956 -2.0273273273273276 -0.8894393662796245
0.9020820820820821 0.2608808808808809 3.3343921382856
0.9083683683683685 1.335835835835836 1.137143038755676
0.914654654654655 -2.3102102102102102 -1.5800132322965497
0.9209409409409415 -0.38032032032032026 3.23000694777406
0.9272272272272271 -1.1786786786786787 1.593621768211951
0.9335135135135135 -1.669009009009009 0.15582772727416566
0.9397997997998 1.4867067067067068 0.7047687008427734
0.9460860860860865 0.38032032032032026 3.241234588697911
0.952372372372372 0.8643643643643641 2.4057642835966444
0.9586586586586585 2.907407407407408 -2.4569269944494434
0.964944944944945 -1.5432832832832832 0.5464995500699985
0.9712312312312315 2.127907907907908 -1.119457382695597
0.9775175175175179 2.781681681681682 -2.3382542088373177
0.9838038038038035 0.5123323323323326 3.087113776527806
0.99009009009009 2.7753953953953956 -2.3260159048803972
0.9963763763763764 -1.2855455455455456 1.3220290609262781
1.002662662662663 1.593573573573574 0.41226763450470466
1.0089489489489494 1.7255855855855855 0.020831803652102743
1.015235235235235 -0.13515515515515508 3.4587379630170902
1.0215215215215214 0.9712312312312315 2.1816914889880596
1.027807807807808 0.20430430430430446 3.429187734027334
1.0340940940940944 -1.4427027027027026 0.8775462014704232
1.0403803803803808 2.970270270270271 -2.459035364390016
1.0466666666666664 0.02828828828828822 3.498569841805003
1.0529529529529529 -1.5181381381381382 0.6603916568815353
1.0592392392392393 2.486226226226226 -1.873268876992276
1.0655255255255258 0.49975975975976006 3.1410082816998717
1.0718118118118123 -1.1283883883883883 1.7949705957656477
1.0780980980980979 -1.1346746746746748 1.7806021067317643
1.0843843843843843 -1.731871871871872 0.03487525191490326
1.0906706706706708 -2.850830830830831 -2.35537244190459
1.0969569569569573 2.410790790790791 -1.7125287846419093
1.1032432432432437 -0.7386386386386388 2.7422264842343504
1.1095295295295293 -2.91997997997998 -2.399889382844011
1.1158158158158158 1.027807807807808 2.079503412780067
1.1221021021021023 -2.725105105105105 -2.211470218254319
1.1283883883883887 1.719299299299299 0.09086182360698147
1.1346746746746752 2.4170770770770775 -1.709073277383149
1.1409609609609608 -0.6820620620620619 2.8688598722300096
1.1472472472472472 3.0582782782782787 -2.4469148621216936
1.1535335335335337 0.19173173173173197 3.4903437278312666
1.1598198198198202 2.2787787787787788 -1.4029586641781537
1.1661061061061067 -0.5563363363363365 3.0981616679507824
1.1723923923923922 0.9963763763763764 2.183240048486771
1.1786786786786787 0.22316316316316342 3.4814187487984416
1.1849649649649652 1.2604004004004001 1.4747291016867616
1.1912512512512516 -0.7700700700700702 2.7146124245048933
1.1975375375375372 1.4238438438438439 1.0028983061211805
1.2038238238238237 -2.875975975975976 -2.3285730019743713
1.2101101101101102 2.9765565565565564 -2.390429918750376
1.2163963963963966 -2.831971971971972 -2.28595795943778
1.222682682682683 1.5747147147147147 0.562211238513495
1.2289689689689687 1.5432832832832832 0.6590661039425487
1.2352552552552551 0.6506306306306309 2.9662086780786288
1.2415415415415416 -1.7381581581581582 0.08191742806690017
1.247827827827828 -1.6124324324324324 0.45934392168101423
1.2541141141141146 -0.46832832832832816 3.2637365890950214
1.2604004004004001 -0.10372372372372363 3.573183060384725
1.2666866866866866 -0.9586586586586585 2.315697829557256
1.272972972972973 1.1535335335335337 1.8101524331049417
1.2792592592592595 -1.555855855855856 0.64171807325352
1.285545545545546 2.3102102102102102 -1.4221477293971918
1.2918318318318316 1.398698698698699 1.115678191366678
1.298118118118118 -2.605665665665666 -1.974949859614083
1.3044044044044045 0.172872872872873 3.562222057292683
1.310690690690691 2.9639839839839843 -2.343373912208338
1.3169769769769775 0.5751951951951955 3.1291804671807144
1.323263263263263 1.8324524524524528 -0.16163697394465326
1.3295495495495495 2.6370970970970977 -2.00937336619529
1.335835835835836 -1.6061461461461461 0.5133252884679128
1.3421221221221225 -2.913693693693694 -2.3006123865753
1.348408408408409 -0.8769369369369371 2.542802755546658
1.3546946946946945 2.9388388388388393 -2.3118191076762447
1.360980980980981 -0.26716716716716693 3.5227422418692624
1.3672672672672674 -1.0215215215215214 2.1978208168834423
1.373553553553554 -1.7444444444444445 0.11571774849996075
1.3798398398398404 1.8575975975975978 -0.21218139553447557
1.386126126126126 -3.1085685685685687 -2.359467695778475
1.3924124124124124 0.30488488488488485 3.502955948182679
1.398698698698699 -2.046186186186186 -0.7293354287589386
1.4049849849849854 -2.4862262262262265 -1.7323519391834103
1.4112712712712718 0.88950950950951 2.537897097478638
1.4175575575575574 -2.7376776776776777 -2.107680970157393
1.4238438438438439 1.0843843843843843 2.055661091777489
1.4301301301301304 -1.9393193193193194 -0.4250474051957075
1.4364164164164168 1.9707507507507507 -0.5100925558881463
1.4427027027027024 -1.0969569569569568 2.0293180215527413
1.4489889889889889 1.2163963963963966 1.7038399359749978
1.4552752752752753 2.385645645645646 -1.5177593248401373
1.4615615615615618 -0.6757757757757759 3.0081170576924396
1.4678478478478483 0.12886886886886906 3.644912178917744
1.4741341341341339 -0.24202202202202194 3.5846851844603256
1.4804204204204203 2.561661661661662 -1.8350582676359857
1.4867067067067068 1.656436436436437 0.420154069822065
1.4929929929929933 -2.071331331331331 -0.7606138345054303
1.4992792792792797 0.99009009009009 2.327218666203862
1.5055655655655653 -2.9262662662662664 -2.2470478755025867
1.5118518518518518 2.0587587587587586 -0.7205185974202659
1.5181381381381382 2.2599199199199203 -1.219336663195227
1.5244244244244247 -2.825685685685686 -2.1610217337688704
1.5307107107107112 -1.581001001001001 0.6621798106287965
1.5369969969969968 0.9586586586586585 2.4189113663308004
1.5432832832832832 -2.976556556556557 -2.2619244249349366
1.5495695695695697 -1.59985985985986 0.6123839799759867
1.5558558558558562 1.9770370370370371 -0.48367154329350137
1.5621421421421426 0.29231231231231236 3.576780765046814
1.5684284284284282 -0.4934734734734736 3.34834760534737
1.5747147147147147 -1.8010210210210211 0.023901897555194007
1.5810010010010012 -2.932552552552553 -2.2239862352962754
1.5872872872872876 1.8764564564564563 -0.18985520431552827
1.593573573573574 2.5805205205205204 -1.824941641367357
1.5998598598598597 -1.7821621621621622 0.08792066824222822
1.6061461461461461 -0.5437637637637636 3.2867963041129125
1.6124324324324326 1.3421221221221225 1.4017324063795384
1.618718718718719 -2.461081081081081 -1.6079075263255074
1.6250050050050056 -0.009429429429429259 3.7258770059724453
1.6312912912912911 -1.0906706706706708 2.1138401595505982
1.6375775775775776 -1.8073073073073074 0.027382471525960073
1.643863863863864 1.98960960960961 -0.48756729416581635
1.6501501501501505 2.4925125125125125 -1.6553217204677408
1.656436436436437 0.047147147147147184 3.7333940564025894
1.6627227227227226 2.0398998998999 -0.617411196381326
1.669009009009009 -1.2478278278278279 1.6931127797988665
1.6752952952952955 -1.8198798798798799 0.0035232573525967315
1.681581581581582 -0.6380580580580579 3.154932601412046
1.6878678678678676 -1.7633033033033034 0.173302624486252
1.694154154154154 -0.9335135135135135 2.5343895053314562
1.7004404404404405 -2.561661661661662 -1.7580756694406783
1.706726726726727 2.995415415415416 -2.214509439933199
1.7130130130130135 -2.3227827827827827 -1.293713988838057
1.719299299299299 -1.203823823823824 1.833987417012906
1.7255855855855855 2.882262262262263 -2.1400239867891604
1.731871871871872 -0.2483083083083084 3.6696907147064777
1.7381581581581584 -2.6936736736736737 -1.9403161931225972
1.744444444444445 -2.0776176176176175 -0.690441756290168
1.7507307307307305 1.744444444444445 0.2494474156346279
1.757017017017017 1.1723923923923922 1.9336310359490048
1.7633033033033034 -0.1100100100100101 3.753655175965655
1.76958958958959 -0.4306106106106107 3.4999181200454625
1.7758758758758764 1.1158158158158158 2.094106632175708
1.782162162162162 2.611951951951952 -1.8112142176280948
1.7884484484484484 1.0466666666666664 2.2811026511227492
1.7947347347347349 3.007987987987988 -2.1915767687292402
1.8010210210210214 0.3426026026026028 3.609294763688256
1.8073073073073078 2.3667867867867867 -1.3580777524098884
1.8135935935935934 -3.0142742742742743 -2.1881841327313367
1.8198798798798799 0.45575575575575566 3.4832528131854588
1.8261661661661663 2.0336136136136136 -0.5480201225002297
1.8324524524524528 -0.99009009009009 2.439153354120845
1.8387387387387393 -0.3111711711711713 3.6511463359807466
1.8450250250250249 2.0084684684684686 -0.47437529967234826
1.8513113113113113 -3.0394194194194197 -2.1853393753769135
1.8575975975975978 -0.5186186186186186 3.4064154411507843
1.8638838838838843 1.681581581581582 0.47110306044533623
1.8701701701701707 0.09115115115115113 3.792195428330828
1.8764564564564563 1.2101101101101102 1.865260998540529
1.8827427427427428 2.769109109109109 -1.9859129904850632
1.8890290290290292 0.8769369369369371 2.7287393885512254
1.8953153153153157 0.31745745745745735 3.662147217401345
1.9016016016016022 -0.6632032032032034 3.17795378860889
1.9078878878878878 2.806826826826827 -2.0177585199013732
1.9141741741741742 1.9456056056056057 -0.2807676832686957
1.9204604604604607 0.5626226226226225 3.356900881924132
1.9267467467467472 2.077617617617618 -0.6350801521575211
1.9330330330330336 0.2545945945945949 3.7262079343488743
1.9393193193193192 -0.14772772772772758 3.7920175387769555
1.9456056056056057 2.743963963963964 -1.9394786114884623
1.9518918918918922 -1.3106906906906908 1.5997802608039193
1.9581781781781786 -0.9146546546546546 2.660182368683781
1.9644644644644642 -0.29231231231231236 3.7044790144828648
1.9707507507507507 0.6946346346346348 3.138342438460614
1.9770370370370371 -3.095995995995996 -2.1616697699149015
1.9833233233233236 1.4929929929929933 1.0701111478265533
1.98960960960961 -2.0147547547547546 -0.4498998729848933
1.9958958958958957 -2.4107907907907906 -1.3935577891988529
2.002182182182182 1.706726726726727 0.43552344139123017
2.0084684684684686 0.6380580580580579 3.253513092117956
2.014754754754755 -2.4673673673673675 -1.4981384361451184
2.0210410410410415 1.8387387387387393 0.052865084373662885
2.027327327327327 2.4045045045045046 -1.3725118376204593
2.0336136136136136 -1.5935735735735737 0.7821066399100128
2.0398998998999 2.945125125125125 -2.0902049396138276
2.0461861861861865 -1.2101101101101102 1.912471897721411
2.052472472472473 -1.1472472472472472 2.088350775465667
2.0587587587587586 -2.7565365365365366 -1.9233527509103088
2.065045045045045 2.7376776776776777 -1.8999932253303768
2.0713313313313315 -2.3982182182182186 -1.348365047484418
2.077617617617618 0.5563363363363365 3.4093871348055496
2.0839039039039045 2.756536536536537 -1.9169413665200947
2.09019019019019 2.574234234234235 -1.6649982906779845
2.0964764764764765 -0.20430430430430446 3.8041523833736415
2.102762762762763 -2.347927927927928 -1.2356023025221803
2.1090490490490494 1.1346746746746752 2.1369475979972616
2.115335335335336 0.24202202202202194 3.7837789471338192
2.1216216216216215 2.0461861861861865 -0.5003037562801508
2.127907907907908 -2.1153353353353355 -0.679789851242073
2.1341941941941944 0.9775175175175179 2.5530506265101858
2.140480480480481 -2.373073073073073 -1.279505539990403
2.1467667667667674 -1.3421221221221222 1.5588792483217524
2.153053053053053 0.524904904904905 3.476430145019529
2.1593393393393394 1.3924124124124124 1.4141201587771879
2.165625625625626 -0.31745745745745735 3.733376518337732
2.1719119119119124 1.1409609609609608 2.134912808172671
2.178198198198199 -2.109049049049049 -0.6516997556844835
2.1844844844844844 -0.8895095095095096 2.7770409804287057
2.190770770770771 -1.3672672672672672 1.4954851065479797
2.1970570570570573 2.3290690690690696 -1.1724663766726944
2.203343343343344 2.9262662662662664 -2.0387557465601605
2.2096296296296294 -0.8517917917917917 2.869288850082536
2.215915915915916 0.46204204204204213 3.580221008947128
2.2222022022022023 -2.6811011011011012 -1.7913147365672404
2.228488488488489 1.8198798798798799 0.15803016867164799
2.2347747747747753 2.0839039039039045 -0.5737019165122726
2.241061061061061 -2.435935935935936 -1.383225978577261
2.2473473473473473 1.4364164164164168 1.3036224325118386
2.253633633633634 1.1912512512512516 2.0145433496750806
2.2599199199199203 1.222682682682683 1.9277707267347874
2.2662062062062067 0.4746146146146146 3.5741385236248586
2.2724924924924923 -0.5311911911911911 3.4936723662222287
2.2787787787787788 3.102282282282282 -2.089304001435367
2.2850650650650652 -2.1593393393393394 -0.7557611352184916
2.2913513513513517 1.6312912912912911 0.7296147605349013
2.297637637637638 3.1337137137137137 -2.0876260779855746
2.3039239239239238 -1.3986986986986987 1.4273117167524416
2.3102102102102102 1.247827827827828 1.866986332852496
2.3164964964964967 -1.4615615615615616 1.2431551357625112
2.322782782782783 -0.21687687687687696 3.847080599143579
2.3290690690690696 1.4552752752752753 1.2643973437819105
2.335355355355355 -0.9272272272272271 2.7200052313967404
2.3416416416416417 1.1598198198198202 2.119584670166904
2.347927927927928 2.5679479479479483 -1.5974958560540933
2.3542142142142146 -2.2222022022022023 -0.8954148354969212
2.360500500500501 -2.963983983983984 -2.0281056846298737
2.3667867867867867 2.215915915915916 -0.877988679319814
2.373073073073073 0.6254854854854854 3.3591130744150846
2.3793593593593596 0.36774774774774777 3.7276681576410766
2.385645645645646 1.8890290290290292 -0.009251068765921189
2.3919319319319325 1.1221021021021023 2.2319378887961356
2.398218218218218 0.8140740740740742 2.99134165295893
2.4045045045045046 2.6496696696696698 -1.7114258229371644
2.410790790790791 -1.4364164164164164 1.3359080865286774
2.4170770770770775 -0.7197797797797798 3.1909518405520583
2.423363363363364 1.2666866866866866 1.834539712222302
2.4296496496496496 -2.586806806806807 -1.6127314404840003
2.435935935935936 -2.567947947947948 -1.5813866442917153
2.4422222222222225 2.6999599599599597 -1.772684481797908
2.448508508508509 -2.127907907907908 -0.6456574634096871
2.4547947947947946 -1.0592392392392393 2.410222505387691
2.461081081081081 1.9078878878878878 -0.04956189024164548
2.4673673673673675 2.7502502502502506 -1.8294799506904236
2.473653653653654 0.1100100100100101 3.926613601838836
2.4799399399399404 -1.1158158158158158 2.26410866786419
2.486226226226226 2.102762762762763 -0.5748965102855702
2.4925125125125125 0.27973973973973987 3.8311794761595466
2.498798798798799 1.6124324324324326 0.8239228348205379
2.5050850850850854 1.7130130130130135 0.5245699671616013
2.511371371371372 -1.448988988988989 1.3152811487832077
2.5176576576576575 1.2352552552552551 1.9395718705550746
2.523943943943944 0.6820620620620623 3.2815149212045895
2.5302302302302304 1.2918318318318316 1.779723136541623
2.536516516516517 3.0834234234234237 -2.040342579620545
2.5428028028028034 2.6433833833833833 -1.6798039018439024
2.549089089089089 0.2734534534534534 3.844969469211568
2.5553753753753754 -0.7763563563563562 3.097764263136299
2.561661661661662 2.190770770770771 -0.7847893411021427
2.5679479479479483 -2.2662062062062063 -0.9629528940229568
2.574234234234235 0.10372372372372363 3.943908712512671
2.5805205205205204 1.1975375375375372 2.054862449621813
2.586806806806807 -2.4296496496496496 -1.3095091373131857
2.5930930930930933 -1.2352552552552554 1.9504689924368765
2.59937937937938 -0.16658658658658654 3.9219446715118678
2.6056656656656663 1.5118518518518518 1.1410431403896693
2.611951951951952 -1.474134134134134 1.2546747405591843
2.6182382382382383 1.5872872872872876 0.9164868024875388
2.624524524524525 -1.9141741741741742 -0.0432431917026882
2.6308108108108113 -0.05971971971971968 3.9622165359935937
2.6370970970970977 -2.2473473473473473 -0.9099685061429436
2.6433833833833833 3.077137137137137 -2.0246368366738965
2.6496696696696698 -0.33003003003002984 3.8080014968624174
2.6559559559559562 -2.25991991991992 -0.9369188485071943
2.6622422422422427 2.2913513513513517 -1.0079903950056357
2.668528528528529 0.2105905905905905 3.905879359234483
2.6748148148148148 1.002662662662663 2.587067727371431
2.6811011011011012 -0.1854454454454455 3.922172979047172
2.6873873873873877 -1.5118518518518518 1.1510538845469187
2.693673673673674 -1.5244244244244245 1.1140915782358962
2.6999599599599597 -0.44946946946946964 3.677752187461818
2.706246246246246 -0.198018018018018 3.9177778179447698
2.7125325325325327 0.7637837837837838 3.143748841989049
2.718818818818819 1.76958958958959 0.38528134663791613
2.7251051051051056 -0.8077877877877877 3.0516925731440168
2.731391391391391 -0.5123323323323321 3.593851124382605
2.7376776776776777 -1.970750750750751 -0.18845328318467292
2.743963963963964 -2.1844844844844844 -0.7473582022927382
2.7502502502502506 -0.983803803803804 2.642495818872449
2.756536536536537 1.3672672672672674 1.5879040505682838
2.7628228228228227 -1.37983983983984 1.551514461601288
2.769109109109109 1.6375775775775776 0.7825122009527113
2.7753953953953956 -1.6941541541541543 0.6141486058039787
2.781681681681682 0.3991791791791792 3.747992640252317
2.7879679679679685 0.9272272272272271 2.784572551934823
2.794254254254254 -1.0026626626626625 2.599136889514961
2.8005405405405406 -0.9523723723723725 2.7247508207737297
2.806826826826827 -2.5742342342342344 -1.5439463970687117
2.8131131131131135 -2.3605005005005006 -1.1438921363644545
2.8193993993994 2.5930930930930933 -1.5728714909048622
2.8256856856856856 0.3237437437437438 3.8317045996119967
2.831971971971972 0.7449249249249252 3.193457189891987
2.8382582582582585 0.3300300300300303 3.8266183972176058
2.844544544544545 0.964944944944945 2.697376963608703
2.8508308308308314 -1.254114114114114 1.9236972167776316
2.857117117117117 2.165625625625626 -0.6912008892295239
2.8634034034034035 -0.2105905905905905 3.924064818314055
2.86968968968969 -1.3232632632632633 1.7258117128391732
2.8759759759759764 0.7197797797797798 3.2470466897354937
2.882262262262263 2.6748148148148148 -1.6874635498690886
2.8885485485485485 -2.505085085085085 -1.4205228220903034
2.894834834834835 -2.366786786786787 -1.1512721036671363
2.9011211211211214 -1.1598198198198197 2.1912945221821687
2.907407407407408 -0.8329329329329331 3.0112781596955394
2.9136936936936944 0.07229229229229217 3.9856789300695024
2.91997997997998 2.1844844844844844 -0.7337923879660682
2.9262662662662664 -0.2608808808808809 3.8926993521789455
2.932552552552553 2.335355355355355 -1.0821137163180516
2.9388388388388393 -3.070850850850851 -1.997630765248759
2.945125125125125 2.9514114114114114 -1.950731026837271
2.9514114114114114 0.6443443443443444 3.3939636155403248
2.957697697697698 -0.9397997997998 2.7656248674826625
2.9639839839839843 -1.4992792792792793 1.2104277813430535
2.970270270270271 -0.3614614614614613 3.802476290574942
2.9765565565565564 -0.8015015015015017 3.0834837567140156
2.982842842842843 2.347927927927928 -1.1068605698660434
2.9891291291291293 2.461081081081081 -1.3346570653111225
2.995415415415416 -2.134194194194194 -0.604855743812216
3.0017017017017023 2.8005405405405406 -1.8296550207150615
3.007987987987988 0.7574974974974977 3.177442854608521
3.0142742742742743 -0.19173173173173153 3.943001567601068
3.0205605605605608 1.8450250250250249 0.1857558548109013
3.0268468468468472 1.298118118118118 1.806289596111227
3.0331331331331337 -0.36774774774774777 3.7979482151067905
3.0394194194194193 0.8580780780780781 2.9603736921196684
3.0457057057057058 -0.30488488488488485 3.8604954753736784
3.0519919919919922 -0.4997597597597596 3.6320897746284504
3.0582782782782787 3.08970970970971 -1.9968306810469225
3.064564564564565 -2.303923923923924 -1.008332498881388
3.0708508508508507 -1.775875875875876 0.38843938689787083
3.077137137137137 -0.27973973973973987 3.8828627212088898
3.0834234234234237 0.7009209209209208 3.2923228408764382
3.08970970970971 -0.587767767767768 3.4962051434268426
3.0959959959959966 -2.498798798798799 -1.4015323274898739
3.102282282282282 -1.845025025025025 0.18739323506031302
3.1085685685685687 1.0718118118118123 2.4354660381849595
3.114854854854855 -1.8135935935935936 0.27865428446887086
3.1211411411411416 1.8827427427427428 0.07921263343452789
3.127427427427428 0.3488888888888888 3.8192343098203723
3.1337137137137137 -0.8643643643643641 2.947363531967709
3.14 2.59937937937938 -1.5697062898210024
