1 100 -5 5 1000
-3.141592653589793 1.557407724654903
-3.1353031788078316 1.6013605311689045
-3.12901370402587 1.6471205574716434
-3.1227242292439086 1.6948170151387334
-3.116434754461947 1.7445915686299984
-3.1101452796799856 1.79659987803013
-3.103855804898024 1.8510133768367913
-3.097566330116062 1.9080213276696287
-3.0912768553341006 1.9678332079499918
-3.084987380552139 2.0306814890479505
-3.0786979057701775 2.0968248867518056
-3.072408430988216 2.166552179033334
-3.0661189562062545 2.2401867100852617
-3.059829481424293 2.318091729005134
-3.0535400066423315 2.4006767493296484
-3.04725053186037 2.4884051646614855
-3.0409610570784085 2.5818034196919566
-3.034671582296447 2.6814721203015877
-3.0283821075144854 2.78809957853838
-3.022092632732524 2.9024784386462064
-3.015803157950562 3.02552623401827
-3.0095136831686005 3.1583110038596867
-3.003224208386639 3.3020834846304172
-2.9969347336046774 3.458317932989875
-2.990645258822716 3.6287644066560842
-2.9843557840407544 3.8155164392345036
-2.978066309258793 4.0210996701049195
-2.9717768344768314 4.248589411331434
-2.96548735969487 4.501768808264527
-2.9591978849129084 4.7853449446330165
-2.952908410130947 5.1052492697446885
-2.9466189353489853 5.469063402982364
-2.940329460567024 5.886635923289678
-2.934039985785062 6.370998157179248
-2.9277505110031004 6.9397629302957045
-2.921461036221139 7.617332071334508
-2.9151715614391773 8.438516401124152
-2.908882086657216 9.45474849469946
-2.9025926118752543 10.745348450924453
-2.896303137093293 12.43938923785178
-2.8900136623113313 14.761960306123848
-2.8837241875293698 18.143847917581123
-2.8774347127474083 23.526081132709457
-2.8711452379654467 33.43317552607703
-2.864855763183485 57.722460398647954
-2.8585662884015237 210.80893297537182
-2.8522768136195618 -127.62405434515887
-2.8459873388376002 -48.97845867106602
-2.8396978640556387 -30.298229280821253
-2.833408389273677 -21.928008493105626
-2.8271189144917157 -17.177175967617014
-2.820829439709754 -14.11466755386003
-2.8145399649277927 -11.97571520217696
-2.808250490145831 -10.396851353190952
-2.8019610153638697 -9.183214156095062
-2.795671540581908 -8.22094091912817
-2.7893820657999466 -7.439043301370197
-2.7830925910179847 -6.790963390147061
-2.7768031162360236 -6.24489666932617
-2.7705136414540616 -5.778377091493664
-2.7642241666721 -5.375083978880037
-2.7579346918901386 -5.022875239578495
-2.751645217108177 -4.712530490361042
-2.7453557423262156 -4.4369221036789925
-2.739066267544254 -4.190453330094628
-2.7327767927622926 -3.968668223345853
-2.726487317980331 -3.7679750533168312
-2.7201978431983695 -3.5854464673667916
-2.713908368416408 -3.418672652457824
-2.7076188936344465 -3.2656517927408557
-2.7013294188524846 -3.1247072199380406
-2.6950399440705235 -2.9944239642311907
-2.6887504692885615 -2.873599604649642
-2.6824609945066 -2.7612057952786526
-2.6761715197246385 -2.6563578564144223
-2.669882044942677 -2.55829052488873
-2.6635925701607155 -2.46633845565557
-2.657303095378754 -2.379920422906605
-2.6510136205967925 -2.2985264268950965
-2.644724145814831 -2.2217071015240912
-2.6384346710328694 -2.1490649575336374
-2.632145196250908 -2.0802471005861127
-2.6258557214689464 -2.0149391423411656
-2.6195662466869845 -1.9528600825557758
-2.6132767719050234 -1.8937579862206904
-2.6069872971230614 -1.8374063152770888
-2.6006978223411 -1.7836008021180398
-2.5944083475591384 -1.7321567737584498
-2.588118872777177 -1.6829068526593616
-2.5818293979952154 -1.6356989737656598
-2.575539923213254 -1.5903946681521828
-2.5692504484312924 -1.546867572371449
-2.562960973649331 -1.5050021296153617
-2.5566714988673693 -1.4646924544958955
-2.550382024085408 -1.4258413378886996
-2.5440925493034463 -1.3883593720811511
-2.5378030745214843 -1.3521641795888029
-2.5315135997395233 -1.3171797315822613
-2.5252241249575613 -1.2833357440035893
-2.5189346501756 -1.2505671412299284
-2.5126451753936383 -1.2188135786272238
-2.506355700611677 -1.1880190165822266
-2.5000662258297153 -1.1581313396479573
-2.4937767510477538 -1.1291020153214977
-2.4874872762657922 -1.1008857877209135
-2.4811978014838307 -1.0734404020631583
-2.474908326701869 -1.0467263563855826
-2.4686188519199077 -1.0207066774154585
-2.462329377137946 -0.9953467178873484
-2.4560399023559842 -0.9706139729476313
-2.449750427574023 -0.9464779135777106
-2.443460952792061 -0.9229098352195053
-2.4371714780100997 -0.8998827200049955
-2.430882003228138 -0.8773711111804771
-2.4245925284461767 -0.8553509984805832
-2.418303053664215 -0.8337997133500265
-2.4120135788822537 -0.812695833035855
-2.405724104100292 -0.7920190926820989
-2.3994346293183306 -0.7717503046542638
-2.393145154536369 -0.7518712844050193
-2.386855679754407 -0.7323647822662004
-2.380566204972446 -0.7132144206172365
-2.374276730190484 -0.6944046359374364
-2.367987255408523 -0.6759206253003452
-2.361697780626561 -0.6577482969131428
-2.3554083058445996 -0.639874224344033
-2.349118831062638 -0.6222856041157752
-2.3428293562806766 -0.6049702163751101
-2.336539881498715 -0.5879163883757705
-2.3302504067167535 -0.5711129605378276
-2.323960931934792 -0.5545492548684469
-2.3176714571528305 -0.5382150455491346
-2.311381982370869 -0.5221005315124552
-2.305092507588907 -0.5061963108472749
-2.298803032806946 -0.4904933568860178
-2.292513558024984 -0.4749829958403687
-2.286224083243023 -0.45965688586360465
-2.279934608461061 -0.44450699742815863
-2.2736451336790995 -0.4295255949166431
-2.267355658897138 -0.41470521933301363
-2.2610661841151765 -0.4000386720484125
-2.254776709333215 -0.38551899950318147
-2.2484872345512534 -0.3711394787929206
-2.242197759769292 -0.3568936040722232
-2.2359082849873304 -0.34277507371494476
-2.229618810205369 -0.32877777817461007
-2.223329335423407 -0.3148957884928731
-2.217039860641446 -0.301123345407871
-2.210750385859484 -0.2874548490178506
-2.2044609110775224 -0.2738848489587497
-2.198171436295561 -0.2604080350572794
-2.1918819615135994 -0.24701922842383092
-2.185592486731638 -0.23371337295191422
-2.1793030119496763 -0.22048552719309247
-2.173013537167715 -0.20733085657839767
-2.1667240623857533 -0.19424462595905578
-2.160434587603792 -0.18122219244102958
-2.1541451128218303 -0.16825899848940903
-2.147855638039869 -0.15535056528006194
-2.141566163257907 -0.14249248627720756
-2.1352766884759458 -0.12968042101671448
-2.128987213693984 -0.11691008907591646
-2.1226977389120227 -0.10417726421171274
-2.116408264130061 -0.091477768649448
-2.1101187893480993 -0.07880746750590124
-2.1038293145661378 -0.06616226333024708
-2.0975398397841762 -0.0535380907475023
-2.0912503650022147 -0.040930911189397304
-2.084960890220253 -0.028336707698048053
-2.0786714154382917 -0.015751479788137627
-2.0723819406563297 -0.0031712383535887276
-2.0660924658743687 0.009407999395077735
-2.0598029910924067 0.021990214976386674
-2.0535135163104457 0.034579393680108476
-2.0472240415284837 0.04717952961963954
-2.0409345667465226 0.059794630808129176
-2.0346450919645607 0.07242872427214135
-2.028355617182599 0.08508586121670064
-2.0220661424006376 0.09777012225591758
-2.015776667618676 0.11048562272360613
-2.0094871928367146 0.12323651807873799
-2.003197718054753 0.1360270094209988
-1.9969082432727916 0.14886134913224003
-1.9906187684908299 0.16174384666021968
-1.9843292937088683 0.1746788744617053
-1.9780398189269068 0.18767087412279304
-1.9717503441449453 0.20072436267514626
-1.9654608693629838 0.21384393912783878
-1.9591713945810223 0.22703429123555086
-1.9528819197990606 0.24030020252506043
-1.946592445017099 0.25364655960328225
-1.9403029702351375 0.26707835977156824
-1.934013495453176 0.2806007189725645
-1.9277240206712145 0.29421888009769426
-1.921434545889253 0.3079382216852615
-1.9151450711072915 0.321764267041295
-1.9088555963253298 0.3357026938175898
-1.9025661215433682 0.3497593440839604
-1.8962766467614067 0.3639402349345475
-1.8899871719794452 0.37825156967109563
-1.8836976971974837 0.39269974960953413
-1.8774082224155222 0.4072913865599215
-1.8711187476335605 0.4220333160339229
-1.864829272851599 0.4369326112385119
-1.8585397980696374 0.451996597919572
-1.852250323287676 0.4672328701245438
-1.8459608485057144 0.48264930695933045
-1.839671373723753 0.49825409042133517
-1.8333818989417914 0.5140557243978856
-1.8270924241598296 0.5300630549274487
-1.8208029493778681 0.546285291830058
-1.8145134745959066 0.562732031823382
-1.808223999813945 0.5794132832519207
-1.8019345250319836 0.5963394925691473
-1.795645050250022 0.6135215727260697
-1.7893555754680603 0.6309709336349089
-1.7830661006860988 0.6486995148935415
-1.7767766259041373 0.6667198209752764
-1.7704871511221758 0.6850449591096378
-1.7641976763402143 0.7036886801034742
-1.7579082015582528 0.7226654223781623
-1.751618726776291 0.7419903595283549
-1.7453292519943295 0.7616794517410529
-1.739039777212368 0.7817495014512974
-1.7327503024304065 0.8022182136529936
-1.726460827648445 0.8231042613310845
-1.7201713528664835 0.8444273565351537
-1.713881878084522 0.8662083276755521
-1.7075924033025602 0.888469203692329
-1.7013029285205987 0.9112333058258488
-1.6950134537386372 0.9345253478074684
-1.6887239789566757 0.9583715453906533
-1.6824345041747142 0.9827997362595229
-1.6761450293927527 1.0078395114852758
-1.669855554610791 1.0335223598540775
-1.6635660798288294 1.0598818265660441
-1.657276605046868 1.086953688007827
-1.6509871302649064 1.1147761445355315
-1.6446976554829449 1.1433900334759177
-1.6384081807009834 1.172839064868458
-1.6321187059190216 1.2031700828368772
-1.6258292311370601 1.2344333559056804
-1.6195397563550986 1.2666829000764128
-1.613250281573137 1.2999768390637698
-1.6069608067911756 1.3343778067801764
-1.600671332009214 1.3699533979694976
-1.5943818572272526 1.4067766738514054
-1.5880923824452908 1.4449267307784464
-1.5818029076633293 1.4844893412661935
-1.5755134328813678 1.5255576783802598
-1.5692239580994063 1.5682331364110438
-1.5629344833174448 1.6126262631113877
-1.5566450085354833 1.6588578216057785
-1.5503555337535215 1.7070600035185644
-1.54406605897156 1.7573778190599985
-1.5377765841895985 1.809970694940389
-1.531487109407637 1.865014317294327
-1.5251976346256755 1.9227027645986934
-1.518908159843714 1.9832509852609774
-1.5126186850617525 2.046897686662017
-1.5063292102797907 2.11390871764695
-1.5000397354978292 2.18458104567891
-1.4937502607158677 2.259247454312745
-1.4874607859339062 2.3382821179359485
-1.4811713111519447 2.422107251061162
-1.4748818363699832 2.5112010818417367
-1.4685923615880214 2.606107468056158
-1.46230288680606 2.70744756432357
-1.4560134120240984 2.8159340698599133
-1.4497239372421369 2.9323887481561908
-1.4434344624601754 3.0577641300833904
-1.4371449876782139 3.193170614162691
-1.4308555128962523 3.3399105975892818
-1.4245660381142906 3.499521862217888
-1.418276563332329 3.673833281937736
-1.4119870885503676 3.8650371366898653
-1.405697613768406 4.075784110706188
-1.3994081389864446 4.309309734756054
-1.393118664204483 4.56960512384542
-1.3868291894225213 4.861651236891915
-1.3805397146405598 5.19174605288398
-1.3742502398585983 5.567970703767748
-1.3679607650766368 6.000868662427591
-1.3616712902946753 6.504460965280286
-1.3553818155127138 7.097808866976162
-1.349092340730752 7.807502320085043
-1.3428028659487905 8.671784337801876
-1.336513391166829 9.747720250610453
-1.3302239163848675 11.124402447746531
-1.323934441602906 12.949085929592606
-1.3176449668209445 15.483909012037502
-1.311355492038983 19.245074774951085
-1.3050660172570212 25.409080928662682
-1.2987765424750597 37.36481607526668
-1.2924870676930982 70.52803606735715
-1.2861975929111367 625.4454775314664
-1.2799081181291752 -91.07027022099473
-1.2736186433472136 -42.43869781762466
-1.267329168565252 -27.65966378536005
-1.2610396937832904 -20.510499576492094
-1.2547502190013289 -16.29387077241868
-1.2484607442193674 -13.51177472711208
-1.2421712694374059 -11.538040871676507
-1.2358817946554443 -10.064638470167761
-1.2295923198734826 -8.922400370547862
-1.223302845091521 -8.010697331395658
-1.2170133703095596 -7.265920235124203
-1.210723895527598 -6.645889902254582
-1.2044344207456366 -6.121533423483897
-1.198144945963675 -5.672160462085283
-1.1918554711817135 -5.282645183077494
-1.1855659963997518 -4.941673421309788
-1.1792765216177903 -4.6406131564272615
-1.1729870468358288 -4.372764173750318
-1.1666975720538673 -4.132846270136801
-1.1604080972719057 -3.916641980080188
-1.1541186224899442 -3.720742001646761
-1.1478291477079825 -3.542360455138733
-1.141539672926021 -3.3791986029381142
-1.1352501981440595 -3.2293428207637214
-1.128960723362098 -3.091187180936327
-1.1226712485801364 -2.9633739887884616
-1.116381773798175 -2.844747595684115
-1.1100922990162134 -2.7343181543594355
-1.103802824234252 -2.6312329061485533
-1.0975133494522904 -2.5347532351765096
-1.0912238746703289 -2.4442361819391354
-1.084934399888367 -2.359119436888357
-1.0786449251064054 -2.2789090729852814
-1.072355450324444 -2.2031694511993525
-1.0660659755424824 -2.1315148627799796
-1.0597765007605209 -2.0636025693977467
-1.0534870259785594 -1.9991269757812746
-1.0471975511965979 -1.9378147255314657
-1.0409080764146363 -1.8794205538722961
-1.0346186016326748 -1.8237237644514759
-1.0283291268507133 -1.7705252233139956
-1.0220396520687518 -1.719644783590885
-1.0157501772867903 -1.6709190705783126
-1.0094607025048288 -1.62419956970552
-1.0031712277228668 -1.5793509701415
-0.9968817529409053 -1.5362497250305005
-0.9905922781589438 -1.494782796004341
-0.9843028033769823 -1.4548465550259193
-0.9780133285950208 -1.4163458210288904
-0.9717238538130593 -1.3791930124333185
-0.9654343790310977 -1.34330739959235
-0.9591449042491362 -1.3086144436840048
-0.9528554294671747 -1.2750452106026622
-0.9465659546852132 -1.2425358501043966
-0.9402764799032517 -1.211027131881162
-0.9339870051212902 -1.1804640314307688
-0.9276975303393282 -1.150795359592944
-0.9214080555573667 -1.1219734304690725
-0.9151185807754052 -1.0939537631609448
-0.9088291059934437 -1.0666948133737937
-0.9025396312114822 -1.0401577314485226
-0.8962501564295207 -1.014306143832188
-0.8899606816475591 -0.9891059553763102
-0.8836712068655976 -0.9645251701795055
-0.8773817320836361 -0.9405337289724901
-0.8710922573016746 -0.917103361286587
-0.8648027825197131 -0.8942074508572441
-0.8585133077377516 -0.8718209128965387
-0.8522238329557901 -0.8499200820272709
-0.8459343581738281 -0.8284826098094367
-0.8396448833918666 -0.8074873709105245
-0.8333554086099051 -0.7869143770765769
-0.8270659338279436 -0.766744698153506
-0.8207764590459821 -0.7469603894893253
-0.8144869842640206 -0.7275444251194467
-0.808197509482059 -0.7084806362001608
-0.8019080347000975 -0.6897536542110223
-0.795618559918136 -0.6713488584960344
-0.7893290851361745 -0.653252327757085
-0.783039610354213 -0.6354507951517331
-0.7767501355722515 -0.617931606681791
-0.77046066079029 -0.6006826825897026
-0.764171186008328 -0.5836924815069666
-0.7578817112263665 -0.5669499671231691
-0.751592236444405 -0.5504445771658962
-0.7453027616624435 -0.5341661945012902
-0.739013286880482 -0.5181051201823972
-0.7327238120985204 -0.5022520482881179
-0.7264343373165589 -0.48659804240961757
-0.7201448625345974 -0.47113451365368547
-0.7138553877526359 -0.45585320004391655
-0.7075659129706744 -0.440746147210846
-0.7012764381887129 -0.4258056902714259
-0.6949869634067514 -0.41102443680659617
-0.6886974886247899 -0.39639525085326577
-0.6824080138428279 -0.3819112378338642
-0.6761185390608664 -0.36756573035283296
-0.6698290642789049 -0.3533522747950263
-0.6635395894969434 -0.33926461866613045
-0.6572501147149818 -0.325296698619807
-0.6509606399330203 -0.3114426291204958
-0.6446711651510588 -0.2976966916946358
-0.6383816903690973 -0.28405332472654177
-0.6320922155871358 -0.2705071137583445
-0.6258027408051743 -0.2570527822562853
-0.6195132660232128 -0.24368518280828064
-0.6132237912412513 -0.2303992887200631
-0.6069343164592897 -0.21719018597938153
-0.6006448416773278 -0.20405306555972175
-0.5943553668953663 -0.19098321603681798
-0.5880658921134048 -0.1779760164928427
-0.5817764173314433 -0.16502692968468247
-0.5754869425494817 -0.1521314954540225
-0.5691974677675202 -0.13928532435820373
-0.5629079929855587 -0.12648409150191045
-0.5566185182035972 -0.11372353055074064
-0.5503290434216357 -0.10099942790860107
-0.5440395686396742 -0.0883076170416636
-0.5377500938577127 -0.07564397293232418
-0.5314606190757512 -0.06300440664722702
-0.5251711442937896 -0.05038486000395718
-0.5188816695118277 -0.037781300321468876
-0.5125921947298662 -0.0251897152397164
-0.5063027199479047 -0.012606107594258264
-0.5000132451659431 -2.6490331892482778e-05
-0.49372377038398163 0.01255311854645995
-0.4874342956020201 0.025136701029261587
-0.4811448208200586 0.03772824413783646
-0.4748553460380971 0.050331744983399866
-0.4685658712561356 0.06295121585128309
-0.46227639647417407 0.07559068932612198
-0.45598692169221255 0.08825422347196851
-0.44969744691025104 0.10094590708153979
-0.4434079721282891 0.11366986500914268
-0.4371184973463276 0.1264302636021986
-0.43082902256436606 0.1392313162467764
-0.42453954778240455 0.15207728904305068
-0.41825007300044303 0.16497250662725463
-0.4119605982184815 0.17792135815738244
-0.40567112343652 0.19092830348069634
-0.3993816486545585 0.2039978795019829
-0.393092173872597 0.21713470677249408
-0.38680269909063547 0.23034349632061107
-0.38051322430867396 0.24362905674648785
-0.37422374952671245 0.25699630160428044
-0.36793427474475093 0.2704502570970529
-0.361644799962789 0.2839960701110896
-0.35535532518082746 0.29763901661813796
-0.34906585039886595 0.3113845104761031
-0.34277637561690444 0.3252381126608623
-0.3364869008349429 0.3392055409642834
-0.3301974260529814 0.35329268019614274
-0.3239079512710199 0.3675055929305206
-0.3176184764890584 0.38185053084042336
-0.3113290017070969 0.3963339466678576
-0.30503952692513536 0.41096250688041
-0.29875005214317385 0.4257431050695924
-0.29246057736121234 0.440682876150845
-0.2861711025792508 0.4557892114301879
-0.27988162779728887 0.47106977460813576
-0.27359215301532736 0.48653251879767934
-0.26730267823336584 0.5021857046400048
-0.26101320345140433 0.5180379196091427
-0.2547237286694428 0.5340980986051369
-0.2484342538874813 0.5503755459445555
-0.2421447791055198 0.5668799588674267
-0.23585530432355828 0.5836214526910579
-0.22956582954159677 0.6006105877538261
-0.22327635475963525 0.6178583983060721
-0.21698687997767374 0.6353764235208623
-0.21069740519571223 0.6531767408148025
-0.20440793041375072 0.6712720016885284
-0.19811845563178876 0.6896754703182182
-0.19182898084982725 0.7084010651537644
-0.18553950606786573 0.7274634038065
-0.17925003128590422 0.7468778515398711
-0.1729605565039427 0.7666605737108266
-0.1666710817219812 0.786828592548289
-0.16038160694001968 0.8073998486986188
-0.15409213215805817 0.8283932680171338
-0.14780265737609666 0.8498288341403109
-0.14151318259413515 0.8717276674362512
-0.13522370781217363 0.8941121110024016
-0.12893423303021212 0.91700582446071
-0.12264475824825016 0.9404338863928354
-0.11635528346628865 0.9644229063634947
-0.11006580868432714 0.9890011476006346
-0.10377633390236563 1.0141986615391718
-0.09748685912040411 1.0400474355936324
-0.0911973843384426 1.0665815557073537
-0.08490790955648109 1.093837385436162
-0.07861843477451957 1.1218537635673798
-0.07232895999255806 1.1506722225563928
-0.06603948521059655 1.1803372303897157
-0.059750010428635036 1.2108964588637834
-0.053460535646673524 1.2424010817125046
-0.04717106086471201 1.2749061065359808
-0.040881586082750054 1.3084707450922484
-0.03459211130078854 1.343158827231167
-0.02830263651882703 1.3790392645963259
-0.022013161736865516 1.4161865712233725
-0.015723686954904004 1.4546814493543425
-0.009434212172942491 1.494611450207279
-0.0031447373909809784 1.5360717211387538
0.0031447373909805343 1.5791658526757737
0.009434212172942047 1.624006841350663
0.01572368695490356 1.6707181872453623
0.022013161736865072 1.7194351487633444
0.028302636518826585 1.7703061815543255
0.0345921113007881 1.8234945939185445
0.040881586082750054 1.8791804576694555
0.04717106086471157 1.9375628216663114
0.05346053564667308 1.9988622854700882
0.05975001042863459 2.0633240033871743
0.0660394852105961 2.131221205282415
0.07232895999255762 2.20285934094179
0.07861843477451913 2.278580980747882
0.08490790955648064 2.358771638750026
0.09119738433844216 2.443866727241426
0.09748685912040367 2.5343599079481263
0.10377633390236518 2.6308131783783453
0.1100658086843267 2.7338691290351855
0.1163552834662882 2.8442659368832004
0.12264475824825016 2.962855835251766
0.12893423303021168 3.0906280383867513
0.1352237078121732 3.2287374266109015
0.1415131825941347 3.3785407547402833
0.1478026573760962 3.5416427909677
0.15409213215805773 3.7199557158546415
0.16038160694001924 3.915776451164448
0.16667108172198075 4.131888567272988
0.17296055650394226 4.371698393200767
0.17925003128590378 4.639419515250774
0.1855395060678653 4.940326998130576
0.1918289808498268 5.281114134495586
0.19811845563178831 5.6704034411146464
0.20440793041375027 6.119495750184999
0.21069740519571178 6.643497721736302
0.2169868799776733 7.263071311355552
0.2232763547596348 8.0072459789526
0.22956582954159632 8.918131658001652
0.23585530432355784 10.05922159842549
0.24214477910551935 11.53093910790777
0.24843425388748086 13.502056126818307
0.2547237286694424 16.27976412111835
0.2610132034514039 20.488182909387216
0.2673026782333654 27.619136966045374
0.2735921530153269 42.343438563210064
0.2798816277972884 90.63291673688205
0.2861711025792504 -646.8809105319586
0.2924605773612119 -70.79261430001024
0.2987500521431734 -37.43898374584751
0.3050395269251349 -25.443385539862977
0.31132900170709643 -19.264770439914308
0.31761847648905794 -15.496674655321614
0.32390795127101946 -12.958028781042414
0.33019742605298097 -11.131015806763585
0.3364869008349425 -9.752809979185797
0.342776375616904 -8.675823311752687
0.3490658503988655 -7.8107862063416205
0.355355325180827 -7.100531978729567
0.361644799962789 -6.506756243505987
0.3679342747447505 -6.002830122903871
0.374223749526712 -5.569666707058926
0.3805132243086735 -5.193227493879537
0.386802699090635 -4.862956786403228
0.39309217387259654 -4.570764689899021
0.39938164865455805 -4.310346811089819
0.40567112343651957 -4.076717408545559
0.4119605982184811 -3.8658817425914083
0.4182500730004426 -3.6746014948489045
0.4245395477824041 -3.5002238088470623
0.4308290225643656 -3.3405546916792783
0.43711849734632713 -3.1937639039831542
0.4434079721282891 -3.058312564641355
0.4496974469102506 -2.9328973834714396
0.4559869216922121 -2.8164072304770156
0.4622763964741736 -2.7078889709969802
0.46856587125613514 -2.6065203395942977
0.47485534603809665 -2.511588217011824
0.48114482082005816 -2.4224710949649015
0.4874342956020197 -2.33862481618568
0.4937237703839812 -2.25957089754604
0.5000132451659427 -2.1848869063636465
0.5063027199479042 -2.1141984806908476
0.5125921947298657 -2.0471726750101045
0.5188816695118272 -1.9835123814129816
0.5251711442937892 -1.9229516287854347
0.5314606190757507 -1.865251602903055
0.5377500938577122 -1.8101972616628514
0.5440395686396737 -1.7575944441460818
0.5503290434216352 -1.7072673914464778
0.5566185182035968 -1.6590566124227668
0.5629079929855583 -1.6128170396534391
0.5691974677675198 -1.5684164305735404
0.5754869425494813 -1.5257339765819953
0.5817764173314428 -1.4846590892252916
0.5880658921134043 -1.445090337699209
0.5943553668953658 -1.4069345161051634
0.6006448416773273 -1.3701058223394067
0.6069343164592893 -1.3345251333290793
0.6132237912412508 -1.3001193636752553
0.6195132660232123 -1.2668208967117047
0.6258027408051738 -1.2345670786127887
0.6320922155871354 -1.203299767543171
0.6383816903690969 -1.172964930983436
0.6446711651510584 -1.1435122853272253
0.6509606399330199 -1.1148949726581419
0.6572501147149814 -1.0870692703036204
0.6635395894969429 -1.0599943293487508
0.6698290642789044 -1.033631938792607
0.6761185390608659 -1.0079463124567947
0.6824080138428279 -0.9829038961222054
0.6886974886247894 -0.9584731926848252
0.6949869634067509 -0.9346246033927608
0.7012764381887124 -0.9113302834611072
0.707565912970674 -0.8885640105641996
0.7138553877526355 -0.866301064880985
0.720144862534597 -0.844518119522457
0.7264343373165585 -0.8231931403036494
0.73272381209852 -0.8023052939393345
0.7390132868804815 -0.7818348638446639
0.745302761662443 -0.7617631728115097
0.7515922364444045 -0.7420725119099174
0.757881711226366 -0.7227460750333027
0.764171186008328 -0.7037678985670663
0.7704606607902895 -0.6851228057142142
0.776750135572251 -0.6667963550592476
0.7830396103542125 -0.6487747929938968
0.7893290851361741 -0.6310450096657471
0.7956185599181356 -0.6135944981441818
0.8019080347000971 -0.5964113165277536
0.8081975094820586 -0.5794840527435661
0.8144869842640201 -0.5628017918128881
0.8207764590459816 -0.5463540853783562
0.8270659338279431 -0.530130923307037
0.8333554086099046 -0.5141227072005905
0.8396448833918662 -0.4983202256589881
0.8459343581738281 -0.48271463115792945
0.8522238329557896 -0.46729741841241074
0.8585133077377511 -0.4520604041099672
0.8648027825197122 -0.4369957079071453
0.8710922573016742 -0.4220957345917434
0.8773817320836352 -0.40735315732156224
0.8836712068655972 -0.3927609018577149
0.8899606816475591 -0.3783121317173205
0.8962501564295202 -0.3640002341763523
0.9025396312114822 -0.3498188070589691
0.9088291059934432 -0.33576164625463795
0.9151185807754052 -0.3218227339088085
0.9214080555573663 -0.3079962272371244
0.9276975303393282 -0.2942764479167656
0.9339870051212893 -0.28065787201204506
0.9402764799032512 -0.2671351203943503
0.9465659546852123 -0.2537029496194629
0.9528554294671743 -0.24035624322772836
0.9591449042491353 -0.22709000343500763
0.9654343790310973 -0.2138993431843443
0.9717238538130593 -0.20077947853033612
0.9780133285950203 -0.18772572132985105
0.9843028033769823 -0.17473347221439503
0.9905922781589434 -0.16179821382088788
0.9968817529409053 -0.1489155042588545
1.0031712277228664 -0.1360809707933332
1.0094607025048283 -0.12329030372375922
1.0157501772867894 -0.11053925044016624
1.0220396520687514 -0.09782360963879666
1.0283291268507124 -0.08513922568009966
1.0346186016326744 -0.07248198307266389
1.0409080764146355 -0.05984780106734708
1.0471975511965974 -0.04723262834627166
1.0534870259785594 -0.03463243779191535
1.0597765007605204 -0.0220432213218002
1.0660659755424824 -0.009460984774652556
1.0723554503244435 0.003118257165854748
1.0786449251064054 0.015698486023554403
1.0849343998883665 0.028283684571997696
1.0912238746703284 0.04087784188006009
1.0975133494522895 0.05348495837447265
1.1038028242342515 0.0661090509330048
1.1100922990162125 0.07875415802205186
1.1163817737981745 0.09142434489270125
1.1226712485801356 0.1041237088495088
1.1289607233620975 0.11685638460667153
1.1352501981440595 0.12962654974658006
1.1415396729260205 0.1424384302963184
1.1478291477079825 0.1552963064381757
1.1541186224899436 0.1682045183708755
1.1604080972719055 0.181167472339018
1.1666975720538666 0.19418964684894724
1.1729870468358286 0.20727559909028268
1.1792765216177896 0.22042997158325878
1.1855659963997516 0.23365749907326125
1.1918554711817126 0.24696301569508383
1.1981449459636746 0.2603514624309279
1.2044344207456357 0.2738278948875714
1.2107238955275976 0.28739749141993093
1.2170133703095596 0.30106556162996295
1.2233028450915207 0.3148375552719879
1.2295923198734826 0.3287190715976773
1.2358817946554437 0.3427158691763907
1.2421712694374056 0.3568338762293052
1.2484607442193667 0.3710792015186208
1.2547502190013287 0.3854581458364903
1.2610396937832897 0.3999772141417601
1.2673291685652517 0.4146431283966537
1.2736186433472128 0.4294628411597092
1.2799081181291747 0.44444354999615776
1.2861975929111367 0.4595927127720246
1.2924870676930977 0.47491806390411007
1.2987765424750597 0.4904276316442884
1.3050660172570208 0.5061297564835774
1.3113554920389827 0.5220331107692574
1.3176449668209438 0.5381467196367712
1.3239344416029057 0.554479983367772
1.3302239163848668 0.57104270129606
1.3365133911668288 0.5878450973949753
1.3428028659487898 0.6048978476926322
1.3490923407307518 0.6222121096759545
1.3553818155127129 0.6397995538603786
1.3616712902946748 0.6576723977201456
1.3679607650766368 0.6758434421939398
1.3742502398585978 0.6943261110030947
1.3805397146405598 0.7131344930445118
1.3868291894225209 0.7322833881484444
1.3931186642044828 0.7517883565228418
1.399408138986444 0.7716657722411525
1.4056976137684059 0.791932881170443
1.411987088550367 0.812607863781388
1.4182765633323289 0.8337099033325358
1.42456603811429 0.8552592599783946
1.430855512896252 0.8772773514160234
1.437144987678213 0.8997868407583524
1.443434462460175 0.9228117324064986
1.4497239372421369 0.9463774767886702
1.456013412024098 0.9705110849424695
1.46230288680606 0.9952412540420067
1.468592361588021 1.0205985051141604
1.474881836369983 1.0466153343525877
1.481171311151944 1.0733263796268222
1.487460785933906 1.1007686040019473
1.493750260715867 1.128981498336075
1.500039735497829 1.1580073053151112
1.50632921027979 1.1878912676233149
1.512618685061752 1.2186819033435705
1.518908159843713 1.250431312142519
1.525197634625675 1.2831955163363669
1.531487109407637 1.317034841567539
1.537776584189598 1.352014342570016
1.54406605897156 1.3882042803840347
1.550355533753521 1.4256806584272261
1.556645008535483 1.4645258260735965
1.5629344833174441 1.5048291598757664
1.569223958099406 1.5466878343433004
1.5755134328813671 1.5902076963250709
1.581802907663329 1.6355042596199687
1.5880923824452902 1.682703839559781
1.5943818572272521 1.7319448511028637
1.6006713320092132 1.7833792986118222
1.6069608067911751 1.8371744911765102
1.613250281573137 1.8935150243561112
1.6195397563550982 1.9526050779047581
1.6258292311370601 2.01467108987058
1.6321187059190212 2.079964881018459
1.6384081807009832 2.148767320612018
1.6446976554829442 2.221392646247465
1.6509871302649062 2.29819357806415
1.6572766050468672 2.37956740315085
1.6635660798288292 2.465963251892534
1.6698555546107903 2.557890847877771
1.6761450293927522 2.6559310916879952
1.6824345041747133 2.7607489432274175
1.6887239789566753 2.873109206858014
1.6950134537386372 2.9938960122359175
1.7013029285205983 3.124137041315088
1.7075924033025602 3.2650339076651322
1.7138818780845213 3.4180005914048754
1.7201713528664833 3.5847125370970567
1.7264608276484443 3.7671700331789073
1.7327503024304063 3.9677809664344266
1.7390397772123674 4.189470232579629
1.7453292519943293 4.435826388522514
1.7516187267762904 4.711301225016308
1.7579082015582523 5.021485964849011
1.7641976763402134 5.373500756758466
1.7704871511221754 5.776555663058092
1.7767766259041373 6.242778210735659
1.7830661006860984 6.7884679882936965
1.7893555754680603 7.436059580360873
1.7956450502500214 8.217308882126442
1.8019345250319834 9.178695439203974
1.8082239998139444 10.39107463520628
1.8145134745959064 11.968068705229994
1.8208029493778675 14.104067488671358
1.8270924241598294 17.1615050188378
1.8333818989417905 21.902510042600017
1.8396713737237524 30.249618997677107
1.8459608485057135 48.85164001996627
1.8522503232876755 126.76685370405173
1.8585397980696374 -213.19006253135265
1.8648292728515985 -57.89958038625622
1.8711187476335605 -33.49255426442863
1.8774082224155215 -23.555494326818316
1.8836976971974835 -18.161358924164617
1.8899871719794445 -14.77356767125811
1.8962766467614065 -12.44764580337622
1.9025661215433676 -10.751522226895347
1.9088555963253295 -9.45953993724456
1.9151450711072906 -8.442343769649469
1.9214345458892526 -7.620460451203086
1.9277240206712136 -6.942368434102325
1.9340134954531756 -6.373202346725005
1.9403029702351375 -5.8885254047665585
1.9465924450170986 -5.470701544636384
1.9528819197990606 -5.106683503585159
1.9591713945810216 -4.786611478503506
1.9654608693629836 -4.502895759735708
1.9717503441449447 -4.249598947342202
1.9780398189269066 -4.022009501803935
1.9843292937088677 -3.8163408878421823
1.9906187684908296 -3.6295151773906933
1.9969082432727907 -3.4590046862584645
2.0031977180547527 -3.3027142638429416
2.0094871928367137 -3.1588925601630504
2.0157766676186757 -3.026064275804107
2.0220661424006376 -2.902977825405614
2.0283556171825987 -2.788564473025277
2.0346450919645607 -2.6819061091025524
2.0409345667465217 -2.5822096095989973
2.0472240415284837 -2.4887862603292077
2.0535135163104448 -2.4010351163240746
2.0598029910924067 -2.3184294453523564
2.066092465874368 -2.240505608694984
2.0723819406563297 -2.166853882827576
2.078671415438291 -2.097110837921504
2.0849608902202528 -2.0309529735513996
2.091250365002214 -1.9680913761322179
2.097539839784176 -1.9082672117007036
2.1038293145661378 -1.8512479055273894
2.110118789348099 -1.7968238894731927
2.116408264130061 -1.7448058210317934
2.122697738912022 -1.6950221961348362
2.128987213693984 -1.6473172921693913
2.135276688475945 -1.6015493891150108
2.141566163257907 -1.5575892258920851
2.147855638039868 -1.5153186564158896
2.15414511282183 -1.4746294758462353
2.160434587603791 -1.4354223924034162
2.166724062385753 -1.397606124111501
2.173013537167715 -1.3610966031081182
2.179303011949676 -1.3258162728630638
2.185592486731638 -1.2916934658871864
2.191881961513599 -1.2586618513743633
2.198171436295561 -1.2266599437725005
2.204460911077522 -1.1956306645805677
2.210750385859484 -1.165520950761518
2.217039860641445 -1.1362814040829026
2.223329335423407 -1.1078659764762395
2.229618810205368 -1.080231687167879
2.23590828498733 -1.0533383678966046
2.242197759769291 -1.0271484330137435
2.248487234551253 -1.0016266716722508
2.254776709333215 -0.9767400596640722
2.261066184115176 -0.9524575887681717
2.267355658897138 -0.9287501117332815
2.273645133679099 -0.9055902012454925
2.279934608461061 -0.8829520214265618
2.286224083243022 -0.8608112105790825
2.292513558024984 -0.8391447740424721
2.298803032806945 -0.8179309861530278
2.305092507588907 -0.7971493004138965
2.311381982370868 -0.7767802670797855
2.31767145715283 -0.7568054574476955
2.323960931934791 -0.7372073942213198
2.330250406716753 -0.7179694873836352
2.336539881498715 -0.6990759750715494
2.342829356280676 -0.6805118689985958
2.349118831062638 -0.6622629040180315
2.355408305844599 -0.6443154914597133
2.361697780626561 -0.6266566759104638
2.367987255408522 -0.6092740951401697
2.374276730190484 -0.5921559429045495
2.380566204972445 -0.5752909343814139
2.386855679754407 -0.5586682740200681
2.3931451545363682 -0.5422776256042166
2.39943462931833 -0.5261090843469799
2.4057241041002912 -0.5101531508533009
2.412013578882253 -0.4944007067996778
2.418303053664215 -0.4788429921946396
2.4245925284461762 -0.4634715840952347
2.430882003228138 -0.4482783766656907
2.4371714780100993 -0.4332555624741438
2.443460952792061 -0.41839561493206096
2.4497504275740223 -0.40369127178904957
2.4560399023559842 -0.38913551960281084
2.4623293771379453 -0.37472157911064136
2.4686188519199073 -0.3604428914346603
2.4749083267018683 -0.34629310505842575
2.4811978014838303 -0.33226606351733556
2.4874872762657914 -0.3183557937497531
2.4937767510477533 -0.30455649505968313
2.5000662258297153 -0.2908625286455997
2.5063557006116763 -0.27726840765323596
2.5126451753936383 -0.26376878771323975
2.5189346501755994 -0.2503584579273474
2.5252241249575613 -0.23703233226916726
2.5315135997395224 -0.22378544136805173
2.5378030745214843 -0.21061292464649387
2.5440925493034454 -0.19751002278349294
2.5503820240854074 -0.184472070477932
2.5566714988673684 -0.1714944894876904
2.5629609736493304 -0.15857278192151175
2.5692504484312915 -0.1457025237620486
2.5755399232132534 -0.13287935859954803
2.5818293979952154 -0.12009899155680422
2.5881188727771764 -0.10735718338684096
2.5944083475591384 -0.09464974472569383
2.6006978223410995 -0.08197253048340956
2.6069872971230614 -0.06932143435697982
2.6132767719050225 -0.05669238344960769
2.6195662466869845 -0.04408133298109449
2.6258557214689455 -0.031484261074677965
2.6321451962509075 -0.018897163605895776
2.6384346710328686 -0.006316049099451998
2.6447241458148305 0.006263066339827256
2.6510136205967916 0.01884416407559067
2.6573030953787535 0.03143122798177207
2.6635925701607155 0.04402824949113188
2.6698820449426766 0.05663923266417788
2.6761715197246385 0.06926819929214578
2.6824609945065996 0.08191919404787751
2.6887504692885615 0.09459628969872033
2.6950399440705226 0.10730359239575896
2.7013294188524846 0.12004524705416235
2.7076188936344456 0.13282544283974101
2.7139083684164076 0.1456484187774273
2.7201978431983687 0.15851846949785647
2.7264873179803306 0.1714399511390034
2.7327767927622917 0.1844172874204625
2.7390662675442536 0.19745497590891667
2.7453557423262156 0.21055759449416478
2.7516452171081767 0.2237298080962266
2.7579346918901386 0.23697637562513887
2.7642241666720997 0.2503021572163384
2.7705136414540616 0.2637121217660096
2.7768031162360227 0.2772113547922286
2.7830925910179847 0.2908050666495715
2.7893820657999457 0.3044986011266225
2.7956715405819077 0.31829744445801317
2.8019610153638688 0.332207234784782
2.8082504901458307 0.34623377209947237
2.814539964927792 0.3603830287150094
2.8208294397097537 0.3746611602995469
2.8271189144917157 0.3890745175226673
2.8334083892736768 0.4036296583620797
2.8396978640556387 0.41833336112390174
2.8459873388376 0.4331926382340259
2.8522768136195618 0.4482147508630007
2.858566288401523 0.4634072244520972
2.864855763183485 0.47877786521426235
2.871145237965446 0.4943347776900396
2.877434712747408 0.5100863834458649
2.883724187529369 0.5260414410099568
2.890013662311331 0.5422090671499539
2.896303137093293 0.5585987596060539
2.902592611875254 0.5752204214043327
2.908882086657216 0.5920843868868273
2.915171561439177 0.609201449608282
2.921461036221139 0.6265828922643569
2.9277505110031 0.6442405188324573
2.934039985785062 0.6621866891249022
2.940329460567023 0.6804343559745332
2.946618935348985 0.6989971052959933
2.952908410130946 0.7178891992914695
2.959197884912908 0.7371256230986825
2.965487359694869 0.7567221352111232
2.971776834476831 0.7766953220371099
2.978066309258793 0.7970626570050654
2.984355784040754 0.8178425646688229
2.990645258822716 0.8390544903189172
2.996934733604677 0.8607189756649497
3.003224208386639 0.8828577412212522
3.0095136831686 0.9054937761040345
3.015803157950562 0.9286514360350002
3.022092632732523 0.9523565504449352
3.028382107514485 0.9766365396837183
3.034671582296446 1.001520543472011
3.040961057078408 1.0270395618780164
3.047250531860369 1.05322661027248
3.053540006642331 1.0801168899110623
3.059829481424293 1.107747976018939
3.066118956206254 1.1361600255140527
3.072408430988216 1.1653960068084197
3.078697905770177 1.1955019544792564
3.084987380552139 1.2265272520125232
3.0912768553341 1.2585249463011874
3.097566330116062 1.2915520981431843
3.103855804898023 1.3256701736447072
3.110145279679985 1.360945482213749
3.116434754461946 1.3974496677495254
3.122724229243908 1.4352602607260618
3.129013704025869 1.474461300167756
3.135303178807831 1.5151440360671682
3.141592653589793 1.5574077246549014
